-2,1,0,0,0,4,0,3,0,0,0,-5,5,0,0,0,-3,0,-5,0,0,0,0,2,0,0,0,0,[(5, 4), (4, 3), (3, 2), (2, 1)]
-2,0,1,0,1,3,0,3,0,0,0,-5,5,0,0,0,-3,0,-5,0,0,0,0,2,0,0,0,0,[(5, 4), (4, 3), (3, 2), (5, 4)]
-2,0,1,0,0,4,1,2,0,0,0,-5,5,0,0,0,-3,0,-5,0,0,0,0,2,0,0,0,0,[(5, 4), (4, 3), (3, 2), (7, 6)]
-2,0,1,0,0,4,0,3,0,0,0,-5,5,0,0,0,-3,0,-5,0,0,0,1,1,0,0,0,0,[(5, 4), (4, 3), (3, 2), (23, 22)]
-2,0,0,2,0,3,0,3,0,0,0,-5,5,0,0,0,-3,0,-5,0,0,0,0,2,0,0,0,0,[(5, 4), (4, 3), (5, 4), (4, 3)]
-2,0,0,1,2,2,0,3,0,0,0,-5,5,0,0,0,-3,0,-5,0,0,0,0,2,0,0,0,0,[(5, 4), (4, 3), (5, 4), (5, 4)]
-2,0,0,1,1,3,1,2,0,0,0,-5,5,0,0,0,-3,0,-5,0,0,0,0,2,0,0,0,0,[(5, 4), (4, 3), (5, 4), (7, 6)]
-2,0,0,1,1,3,0,3,0,0,0,-5,5,0,0,0,-3,0,-5,0,0,0,1,1,0,0,0,0,[(5, 4), (4, 3), (5, 4), (23, 22)]
-2,0,0,1,0,5,0,2,0,0,0,-5,5,0,0,0,-3,0,-5,0,0,0,0,2,0,0,0,0,[(5, 4), (4, 3), (7, 6), (6, 5)]
-2,0,0,1,0,4,2,1,0,0,0,-5,5,0,0,0,-3,0,-5,0,0,0,0,2,0,0,0,0,[(5, 4), (4, 3), (7, 6), (7, 6)]
-2,0,0,1,0,4,1,2,0,0,0,-5,5,0,0,0,-3,0,-5,0,0,0,1,1,0,0,0,0,[(5, 4), (4, 3), (7, 6), (23, 22)]
-2,0,0,1,0,4,0,3,0,0,0,-5,5,0,0,0,-3,0,-5,0,0,1,0,1,0,0,0,0,[(5, 4), (4, 3), (23, 22), (22, 21)]
-2,0,0,1,0,4,0,3,0,0,0,-5,5,0,0,0,-3,0,-5,0,0,0,2,0,0,0,0,0,[(5, 4), (4, 3), (23, 22), (23, 22)]
-2,0,0,0,4,1,0,3,0,0,0,-5,5,0,0,0,-3,0,-5,0,0,0,0,2,0,0,0,0,[(5, 4), (5, 4), (5, 4), (5, 4)]
-2,0,0,0,3,2,1,2,0,0,0,-5,5,0,0,0,-3,0,-5,0,0,0,0,2,0,0,0,0,[(5, 4), (5, 4), (5, 4), (7, 6)]
-2,0,0,0,3,2,0,3,0,0,0,-5,5,0,0,0,-3,0,-5,0,0,0,1,1,0,0,0,0,[(5, 4), (5, 4), (5, 4), (23, 22)]
-2,0,0,0,2,4,0,2,0,0,0,-5,5,0,0,0,-3,0,-5,0,0,0,0,2,0,0,0,0,[(5, 4), (5, 4), (7, 6), (6, 5)],0.167
-2,0,0,0,2,3,2,1,0,0,0,-5,5,0,0,0,-3,0,-5,0,0,0,0,2,0,0,0,0,[(5, 4), (5, 4), (7, 6), (7, 6)]
-2,0,0,0,2,3,1,2,0,0,0,-5,5,0,0,0,-3,0,-5,0,0,0,1,1,0,0,0,0,[(5, 4), (5, 4), (7, 6), (23, 22)]
-2,0,0,0,2,3,0,3,0,0,0,-5,5,0,0,0,-3,0,-5,0,0,1,0,1,0,0,0,0,[(5, 4), (5, 4), (23, 22), (22, 21)]
-2,0,0,0,2,3,0,3,0,0,0,-5,5,0,0,0,-3,0,-5,0,0,0,2,0,0,0,0,0,[(5, 4), (5, 4), (23, 22), (23, 22)]
-2,0,0,0,1,5,1,1,0,0,0,-5,5,0,0,0,-3,0,-5,0,0,0,0,2,0,0,0,0,[(5, 4), (7, 6), (6, 5), (7, 6)]
-2,0,0,0,1,5,0,2,0,0,0,-5,5,0,0,0,-3,0,-5,0,0,0,1,1,0,0,0,0,[(5, 4), (7, 6), (6, 5), (23, 22)]
-2,0,0,0,1,4,3,0,0,0,0,-5,5,0,0,0,-3,0,-5,0,0,0,0,2,0,0,0,0,[(5, 4), (7, 6), (7, 6), (7, 6)]
-2,0,0,0,1,4,2,1,0,0,0,-5,5,0,0,0,-3,0,-5,0,0,0,1,1,0,0,0,0,[(5, 4), (7, 6), (7, 6), (23, 22)]
-2,0,0,0,1,4,1,2,0,0,0,-5,5,0,0,0,-3,0,-5,0,0,1,0,1,0,0,0,0,[(5, 4), (7, 6), (23, 22), (22, 21)]
-2,0,0,0,1,4,1,2,0,0,0,-5,5,0,0,0,-3,0,-5,0,0,0,2,0,0,0,0,0,[(5, 4), (7, 6), (23, 22), (23, 22)]
-2,0,0,0,1,4,0,3,0,0,0,-5,5,0,0,0,-3,0,-5,0,1,0,0,1,0,0,0,0,[(5, 4), (23, 22), (22, 21), (21, 20)]
-2,0,0,0,1,4,0,3,0,0,0,-5,5,0,0,0,-3,0,-5,0,0,1,1,0,0,0,0,0,[(5, 4), (23, 22), (22, 21), (23, 22)]
-2,0,0,0,0,7,0,1,0,0,0,-5,5,0,0,0,-3,0,-5,0,0,0,0,2,0,0,0,0,[(7, 6), (6, 5), (7, 6), (6, 5)]
-2,0,0,0,0,6,2,0,0,0,0,-5,5,0,0,0,-3,0,-5,0,0,0,0,2,0,0,0,0,[(7, 6), (6, 5), (7, 6), (7, 6)]
-2,0,0,0,0,6,1,1,0,0,0,-5,5,0,0,0,-3,0,-5,0,0,0,1,1,0,0,0,0,[(7, 6), (6, 5), (7, 6), (23, 22)]
-2,0,0,0,0,6,0,2,0,0,0,-5,5,0,0,0,-3,0,-5,0,0,1,0,1,0,0,0,0,[(7, 6), (6, 5), (23, 22), (22, 21)]
-2,0,0,0,0,6,0,2,0,0,0,-5,5,0,0,0,-3,0,-5,0,0,0,2,0,0,0,0,0,[(7, 6), (6, 5), (23, 22), (23, 22)]
-2,0,0,0,0,5,3,0,0,0,0,-5,5,0,0,0,-3,0,-5,0,0,0,1,1,0,0,0,0,[(7, 6), (7, 6), (7, 6), (23, 22)]
-2,0,0,0,0,5,2,1,0,0,0,-5,5,0,0,0,-3,0,-5,0,0,1,0,1,0,0,0,0,[(7, 6), (7, 6), (23, 22), (22, 21)]
-2,0,0,0,0,5,2,1,0,0,0,-5,5,0,0,0,-3,0,-5,0,0,0,2,0,0,0,0,0,[(7, 6), (7, 6), (23, 22), (23, 22)]
-2,0,0,0,0,5,1,2,0,0,0,-5,5,0,0,0,-3,0,-5,0,1,0,0,1,0,0,0,0,[(7, 6), (23, 22), (22, 21), (21, 20)]
-2,0,0,0,0,5,1,2,0,0,0,-5,5,0,0,0,-3,0,-5,0,0,1,1,0,0,0,0,0,[(7, 6), (23, 22), (22, 21), (23, 22)]
-2,0,0,0,0,5,0,3,0,0,0,-5,5,0,0,0,-3,0,-5,1,0,0,0,1,0,0,0,0,[(23, 22), (22, 21), (21, 20), (20, 19)]
-2,0,0,0,0,5,0,3,0,0,0,-5,5,0,0,0,-3,0,-5,0,1,0,1,0,0,0,0,0,[(23, 22), (22, 21), (21, 20), (23, 22)]
-2,0,0,0,0,5,0,3,0,0,0,-5,5,0,0,0,-3,0,-5,0,0,2,0,0,0,0,0,0,[(23, 22), (22, 21), (23, 22), (22, 21)]
-2,0,1,0,0,4,0,3,0,0,0,-5,5,0,0,0,-3,0,-5,0,0,0,0,2,0,0,0,0,[(5, 4), (4, 2)],-0.05
-2,0,0,1,1,3,0,3,0,0,0,-5,5,0,0,0,-3,0,-5,0,0,0,0,2,0,0,0,0,[(5, 4), (5, 3)],-0.05
-2,0,0,0,1,5,0,2,0,0,0,-5,5,0,0,0,-3,0,-5,0,0,0,0,2,0,0,0,0,[(5, 4), (7, 5)],-0.05
-2,0,0,0,1,4,0,3,0,0,1,-5,4,0,0,0,-3,0,-5,0,0,0,0,2,0,0,0,0,[(5, 4), (12, 10)],0.0088
-2,0,0,0,1,4,0,3,0,0,0,-5,5,0,0,0,-3,0,-5,0,0,1,0,1,0,0,0,0,[(5, 4), (23, 21)],-0.05
-2,0,0,1,0,4,1,2,0,0,0,-5,5,0,0,0,-3,0,-5,0,0,0,0,2,0,0,0,0,[(7, 6), (5, 3)],-0.05
-2,0,0,0,0,6,1,1,0,0,0,-5,5,0,0,0,-3,0,-5,0,0,0,0,2,0,0,0,0,[(7, 6), (7, 5)],-0.05
-2,0,0,0,0,5,1,2,0,0,1,-5,4,0,0,0,-3,0,-5,0,0,0,0,2,0,0,0,0,[(7, 6), (12, 10)],-0.05
-2,0,0,0,0,5,1,2,0,0,0,-5,5,0,0,0,-3,0,-5,0,0,1,0,1,0,0,0,0,[(7, 6), (23, 21)],-0.05
-2,0,0,1,0,4,0,3,0,0,0,-5,5,0,0,0,-3,0,-5,0,0,0,1,1,0,0,0,0,[(23, 22), (5, 3)],-0.05
-2,0,0,0,0,6,0,2,0,0,0,-5,5,0,0,0,-3,0,-5,0,0,0,1,1,0,0,0,0,[(23, 22), (7, 5)],-0.05
-2,0,0,0,0,5,0,3,0,0,1,-5,4,0,0,0,-3,0,-5,0,0,0,1,1,0,0,0,0,[(23, 22), (12, 10)], 0.0045
-2,0,0,0,0,5,0,3,0,0,0,-5,5,0,0,0,-3,0,-5,0,1,0,0,1,0,0,0,0,[(23, 22), (22, 20)],-0.0226
-2,0,0,0,0,5,0,3,0,0,0,-5,5,0,0,0,-3,0,-5,0,0,1,1,0,0,0,0,0,[(23, 22), (23, 21)],-0.0382
-2,0,0,0,0,5,0,3,0,1,0,-5,4,0,0,0,-3,0,-5,0,0,0,0,2,0,0,0,0,[(12, 10), (10, 9)],0.0256
-2,0,0,0,1,4,0,3,0,1,0,-5,4,0,0,0,-3,0,-5,0,0,0,0,2,0,0,0,0,[(5, 4), (12, 9)],-0.05
-2,0,0,0,0,5,1,2,0,1,0,-5,4,0,0,0,-3,0,-5,0,0,0,0,2,0,0,0,0,[(7, 6), (12, 9)],-0.05
-2,0,0,0,0,5,0,3,0,1,0,-5,4,0,0,0,-3,0,-5,0,0,0,1,1,0,0,0,0,[(23, 22), (12, 9)],-0.05
-2,0,0,0,0,5,0,3,1,0,0,-5,4,0,0,0,-3,0,-5,0,0,0,0,2,0,0,0,0,[(12, 9), (9, 8)],-0.05
-2,1,0,0,1,3,0,3,0,0,0,-5,5,0,0,0,-3,0,-5,0,0,0,0,2,0,0,0,0,[(5, 4), (5, 1)],-0.05
-2,0,0,1,1,4,0,2,0,0,0,-5,5,0,0,0,-3,0,-5,0,0,0,0,2,0,0,0,0,[(5, 4), (7, 3)]
-2,0,0,0,1,4,0,3,1,0,0,-5,4,0,0,0,-3,0,-5,0,0,0,0,2,0,0,0,0,[(5, 4), (12, 8)],-0.0063
-2,0,0,0,1,4,0,3,0,0,0,-5,5,0,0,0,-3,0,-5,1,0,0,0,1,0,0,0,0,[(5, 4), (23, 19)]
-2,1,0,0,0,4,1,2,0,0,0,-5,5,0,0,0,-3,0,-5,0,0,0,0,2,0,0,0,0,[(7, 6), (5, 1)]
-2,0,1,0,0,5,0,2,0,0,0,-5,5,0,0,0,-3,0,-5,0,0,0,0,2,0,0,0,0,[(7, 6), (6, 2)]
-2,0,0,1,0,5,1,1,0,0,0,-5,5,0,0,0,-3,0,-5,0,0,0,0,2,0,0,0,0,[(7, 6), (7, 3)]
-2,0,0,0,0,5,1,2,1,0,0,-5,4,0,0,0,-3,0,-5,0,0,0,0,2,0,0,0,0,[(7, 6), (12, 8)]
-2,0,0,0,0,5,1,2,0,0,0,-5,5,0,0,0,-3,0,-5,1,0,0,0,1,0,0,0,0,[(7, 6), (23, 19)],-0.0406
-2,1,0,0,0,4,0,3,0,0,0,-5,5,0,0,0,-3,0,-5,0,0,0,1,1,0,0,0,0,[(23, 22), (5, 1)]
-2,0,0,1,0,5,0,2,0,0,0,-5,5,0,0,0,-3,0,-5,0,0,0,1,1,0,0,0,0,[(23, 22), (7, 3)]
-2,0,0,0,0,5,0,3,1,0,0,-5,4,0,0,0,-3,0,-5,0,0,0,1,1,0,0,0,0,[(23, 22), (12, 8)],0.0024
-2,0,0,0,0,5,0,3,0,0,0,-5,5,0,0,0,-3,0,-5,1,0,0,1,0,0,0,0,0,[(23, 22), (23, 19)],-0.0318
-2,0,0,0,0,5,0,4,0,0,0,-5,4,0,0,0,-3,0,-5,0,0,0,0,2,0,0,0,0,[(12, 8), (8, 7)],-0.348
-2,0,1,0,1,4,0,2,0,0,0,-5,5,0,0,0,-3,0,-5,0,0,0,0,2,0,0,0,0,[(5, 4), (7, 2)]
-2,0,0,0,1,4,0,4,0,0,0,-5,4,0,0,0,-3,0,-5,0,0,0,0,2,0,0,0,0,[(5, 4), (12, 7)],-0.0031
-2,1,0,0,0,5,0,2,0,0,0,-5,5,0,0,0,-3,0,-5,0,0,0,0,2,0,0,0,0,[(7, 6), (6, 1)]
-2,0,1,0,0,5,1,1,0,0,0,-5,5,0,0,0,-3,0,-5,0,0,0,0,2,0,0,0,0,[(7, 6), (7, 2)]
-2,0,0,0,0,5,1,3,0,0,0,-5,4,0,0,0,-3,0,-5,0,0,0,0,2,0,0,0,0,[(7, 6), (12, 7)]
-2,0,1,0,0,5,0,2,0,0,0,-5,5,0,0,0,-3,0,-5,0,0,0,1,1,0,0,0,0,[(23, 22), (7, 2)]
-2,0,0,0,0,5,0,4,0,0,0,-5,4,0,0,0,-3,0,-5,0,0,0,1,1,0,0,0,0,[(23, 22), (12, 7)],0.0056
-2,0,0,0,0,5,0,3,0,0,0,-5,5,0,0,0,-3,1,-5,0,0,0,0,1,0,0,0,0,[(23, 22), (22, 17)],-0.0321
-2,1,0,0,1,4,0,2,0,0,0,-5,5,0,0,0,-3,0,-5,0,0,0,0,2,0,0,0,0,[(5, 4), (7, 1)]
-2,0,0,0,1,4,1,3,0,0,0,-5,4,0,0,0,-3,0,-5,0,0,0,0,2,0,0,0,0,[(5, 4), (12, 6)]
-2,0,0,0,1,4,0,3,0,0,0,-5,5,0,0,0,-3,1,-5,0,0,0,0,1,0,0,0,0,[(5, 4), (23, 17)]
-2,1,0,0,0,5,1,1,0,0,0,-5,5,0,0,0,-3,0,-5,0,0,0,0,2,0,0,0,0,[(7, 6), (7, 1)]
-2,0,0,0,0,5,2,2,0,0,0,-5,4,0,0,0,-3,0,-5,0,0,0,0,2,0,0,0,0,[(7, 6), (12, 6)],0.1035
-2,0,0,0,0,5,1,2,0,0,0,-5,5,0,0,0,-3,1,-5,0,0,0,0,1,0,0,0,0,[(7, 6), (23, 17)]
-2,1,0,0,0,5,0,2,0,0,0,-5,5,0,0,0,-3,0,-5,0,0,0,1,1,0,0,0,0,[(23, 22), (7, 1)]
-2,0,0,0,0,5,1,3,0,0,0,-5,4,0,0,0,-3,0,-5,0,0,0,1,1,0,0,0,0,[(23, 22), (12, 6)]
-2,0,0,0,0,5,0,3,0,0,0,-5,5,0,0,0,-3,1,-5,0,0,0,1,0,0,0,0,0,[(23, 22), (23, 17)]
-2,0,0,0,0,6,0,3,0,0,0,-5,4,0,0,0,-3,0,-5,0,0,0,0,2,0,0,0,0,[(12, 6), (6, 5)]
-2,2,0,0,0,3,0,3,0,0,0,-5,5,0,0,0,-3,0,-5,0,0,0,0,2,0,0,0,0,[(5, 3), (3, 1), (5, 3), (3, 1)]
-2,1,0,2,0,2,0,3,0,0,0,-5,5,0,0,0,-3,0,-5,0,0,0,0,2,0,0,0,0,[(5, 3), (3, 1), (5, 3), (5, 3)]
-2,1,0,1,0,4,0,2,0,0,0,-5,5,0,0,0,-3,0,-5,0,0,0,0,2,0,0,0,0,[(5, 3), (3, 1), (5, 3), (7, 5)]
-2,1,0,1,0,3,0,3,0,0,1,-5,4,0,0,0,-3,0,-5,0,0,0,0,2,0,0,0,0,[(5, 3), (3, 1), (5, 3), (12, 10)]
-2,1,0,1,0,3,0,3,0,0,0,-5,5,0,0,0,-3,0,-5,0,0,1,0,1,0,0,0,0,[(5, 3), (3, 1), (5, 3), (23, 21)]
-2,1,0,0,0,6,0,1,0,0,0,-5,5,0,0,0,-3,0,-5,0,0,0,0,2,0,0,0,0,[(5, 3), (3, 1), (7, 5), (7, 5)]
-2,1,0,0,0,5,0,2,0,0,1,-5,4,0,0,0,-3,0,-5,0,0,0,0,2,0,0,0,0,[(5, 3), (3, 1), (7, 5), (12, 10)]
-2,1,0,0,0,5,0,2,0,0,0,-5,5,0,0,0,-3,0,-5,0,0,1,0,1,0,0,0,0,[(5, 3), (3, 1), (7, 5), (23, 21)]
-2,1,0,0,0,4,0,3,1,0,0,-5,4,0,0,0,-3,0,-5,0,0,0,0,2,0,0,0,0,[(5, 3), (3, 1), (12, 10), (10, 8)]
-2,1,0,0,0,4,0,3,0,0,2,-5,3,0,0,0,-3,0,-5,0,0,0,0,2,0,0,0,0,[(5, 3), (3, 1), (12, 10), (12, 10)]
-2,1,0,0,0,4,0,3,0,0,1,-5,4,0,0,0,-3,0,-5,0,0,1,0,1,0,0,0,0,[(5, 3), (3, 1), (12, 10), (23, 21)]
-2,1,0,0,0,4,0,3,0,0,0,-5,5,0,0,0,-3,0,-5,1,0,0,0,1,0,0,0,0,[(5, 3), (3, 1), (23, 21), (21, 19)]
-2,1,0,0,0,4,0,3,0,0,0,-5,5,0,0,0,-3,0,-5,0,0,2,0,0,0,0,0,0,[(5, 3), (3, 1), (23, 21), (23, 21)]
-2,0,0,4,0,1,0,3,0,0,0,-5,5,0,0,0,-3,0,-5,0,0,0,0,2,0,0,0,0,[(5, 3), (5, 3), (5, 3), (5, 3)]
-2,0,0,3,0,3,0,2,0,0,0,-5,5,0,0,0,-3,0,-5,0,0,0,0,2,0,0,0,0,[(5, 3), (5, 3), (5, 3), (7, 5)]
-2,0,0,3,0,2,0,3,0,0,1,-5,4,0,0,0,-3,0,-5,0,0,0,0,2,0,0,0,0,[(5, 3), (5, 3), (5, 3), (12, 10)]
-2,0,0,3,0,2,0,3,0,0,0,-5,5,0,0,0,-3,0,-5,0,0,1,0,1,0,0,0,0,[(5, 3), (5, 3), (5, 3), (23, 21)]
-2,0,0,2,0,5,0,1,0,0,0,-5,5,0,0,0,-3,0,-5,0,0,0,0,2,0,0,0,0,[(5, 3), (5, 3), (7, 5), (7, 5)]
-2,0,0,2,0,4,0,2,0,0,1,-5,4,0,0,0,-3,0,-5,0,0,0,0,2,0,0,0,0,[(5, 3), (5, 3), (7, 5), (12, 10)]
-2,0,0,2,0,4,0,2,0,0,0,-5,5,0,0,0,-3,0,-5,0,0,1,0,1,0,0,0,0,[(5, 3), (5, 3), (7, 5), (23, 21)]
-2,0,0,2,0,3,0,3,1,0,0,-5,4,0,0,0,-3,0,-5,0,0,0,0,2,0,0,0,0,[(5, 3), (5, 3), (12, 10), (10, 8)]
-2,0,0,2,0,3,0,3,0,0,2,-5,3,0,0,0,-3,0,-5,0,0,0,0,2,0,0,0,0,[(5, 3), (5, 3), (12, 10), (12, 10)]
-2,0,0,2,0,3,0,3,0,0,1,-5,4,0,0,0,-3,0,-5,0,0,1,0,1,0,0,0,0,[(5, 3), (5, 3), (12, 10), (23, 21)]
-2,0,0,2,0,3,0,3,0,0,0,-5,5,0,0,0,-3,0,-5,1,0,0,0,1,0,0,0,0,[(5, 3), (5, 3), (23, 21), (21, 19)]
-2,0,0,2,0,3,0,3,0,0,0,-5,5,0,0,0,-3,0,-5,0,0,2,0,0,0,0,0,0,[(5, 3), (5, 3), (23, 21), (23, 21)]
-2,0,0,1,0,7,0,0,0,0,0,-5,5,0,0,0,-3,0,-5,0,0,0,0,2,0,0,0,0,[(5, 3), (7, 5), (7, 5), (7, 5)]
-2,0,0,1,0,6,0,1,0,0,1,-5,4,0,0,0,-3,0,-5,0,0,0,0,2,0,0,0,0,[(5, 3), (7, 5), (7, 5), (12, 10)]
-2,0,0,1,0,6,0,1,0,0,0,-5,5,0,0,0,-3,0,-5,0,0,1,0,1,0,0,0,0,[(5, 3), (7, 5), (7, 5), (23, 21)]
-2,0,0,1,0,5,0,2,1,0,0,-5,4,0,0,0,-3,0,-5,0,0,0,0,2,0,0,0,0,[(5, 3), (7, 5), (12, 10), (10, 8)]
-2,0,0,1,0,5,0,2,0,0,2,-5,3,0,0,0,-3,0,-5,0,0,0,0,2,0,0,0,0,[(5, 3), (7, 5), (12, 10), (12, 10)]
-2,0,0,1,0,5,0,2,0,0,1,-5,4,0,0,0,-3,0,-5,0,0,1,0,1,0,0,0,0,[(5, 3), (7, 5), (12, 10), (23, 21)]
-2,0,0,1,0,5,0,2,0,0,0,-5,5,0,0,0,-3,0,-5,1,0,0,0,1,0,0,0,0,[(5, 3), (7, 5), (23, 21), (21, 19)]
-2,0,0,1,0,5,0,2,0,0,0,-5,5,0,0,0,-3,0,-5,0,0,2,0,0,0,0,0,0,[(5, 3), (7, 5), (23, 21), (23, 21)]
-2,0,0,1,0,4,1,3,0,0,0,-5,4,0,0,0,-3,0,-5,0,0,0,0,2,0,0,0,0,[(5, 3), (12, 10), (10, 8), (8, 6)]
-2,0,0,1,0,4,0,3,1,0,1,-5,3,0,0,0,-3,0,-5,0,0,0,0,2,0,0,0,0,[(5, 3), (12, 10), (10, 8), (12, 10)]
-2,0,0,1,0,4,0,3,1,0,0,-5,4,0,0,0,-3,0,-5,0,0,1,0,1,0,0,0,0,[(5, 3), (12, 10), (10, 8), (23, 21)]
-2,0,0,1,0,4,0,3,0,0,3,-5,2,0,0,0,-3,0,-5,0,0,0,0,2,0,0,0,0,[(5, 3), (12, 10), (12, 10), (12, 10)]
-2,0,0,1,0,4,0,3,0,0,2,-5,3,0,0,0,-3,0,-5,0,0,1,0,1,0,0,0,0,[(5, 3), (12, 10), (12, 10), (23, 21)]
-2,0,0,1,0,4,0,3,0,0,1,-5,4,0,0,0,-3,0,-5,1,0,0,0,1,0,0,0,0,[(5, 3), (12, 10), (23, 21), (21, 19)]
-2,0,0,1,0,4,0,3,0,0,1,-5,4,0,0,0,-3,0,-5,0,0,2,0,0,0,0,0,0,[(5, 3), (12, 10), (23, 21), (23, 21)]
-2,0,0,1,0,4,0,3,0,0,0,-5,5,0,0,0,-3,1,-5,0,0,0,0,1,0,0,0,0,[(5, 3), (23, 21), (21, 19), (19, 17)]
-2,0,0,1,0,4,0,3,0,0,0,-5,5,0,0,0,-3,0,-5,1,0,1,0,0,0,0,0,0,[(5, 3), (23, 21), (21, 19), (23, 21)]
-2,0,0,0,0,8,0,0,0,0,1,-5,4,0,0,0,-3,0,-5,0,0,0,0,2,0,0,0,0,[(7, 5), (7, 5), (7, 5), (12, 10)]
-2,0,0,0,0,8,0,0,0,0,0,-5,5,0,0,0,-3,0,-5,0,0,1,0,1,0,0,0,0,[(7, 5), (7, 5), (7, 5), (23, 21)]
-2,0,0,0,0,7,0,1,1,0,0,-5,4,0,0,0,-3,0,-5,0,0,0,0,2,0,0,0,0,[(7, 5), (7, 5), (12, 10), (10, 8)]
-2,0,0,0,0,7,0,1,0,0,2,-5,3,0,0,0,-3,0,-5,0,0,0,0,2,0,0,0,0,[(7, 5), (7, 5), (12, 10), (12, 10)]
-2,0,0,0,0,7,0,1,0,0,1,-5,4,0,0,0,-3,0,-5,0,0,1,0,1,0,0,0,0,[(7, 5), (7, 5), (12, 10), (23, 21)]
-2,0,0,0,0,7,0,1,0,0,0,-5,5,0,0,0,-3,0,-5,1,0,0,0,1,0,0,0,0,[(7, 5), (7, 5), (23, 21), (21, 19)]
-2,0,0,0,0,7,0,1,0,0,0,-5,5,0,0,0,-3,0,-5,0,0,2,0,0,0,0,0,0,[(7, 5), (7, 5), (23, 21), (23, 21)]
-2,0,0,0,0,6,1,2,0,0,0,-5,4,0,0,0,-3,0,-5,0,0,0,0,2,0,0,0,0,[(7, 5), (12, 10), (10, 8), (8, 6)]
-2,0,0,0,0,6,0,2,1,0,1,-5,3,0,0,0,-3,0,-5,0,0,0,0,2,0,0,0,0,[(7, 5), (12, 10), (10, 8), (12, 10)]
-2,0,0,0,0,6,0,2,1,0,0,-5,4,0,0,0,-3,0,-5,0,0,1,0,1,0,0,0,0,[(7, 5), (12, 10), (10, 8), (23, 21)]
-2,0,0,0,0,6,0,2,0,0,3,-5,2,0,0,0,-3,0,-5,0,0,0,0,2,0,0,0,0,[(7, 5), (12, 10), (12, 10), (12, 10)]
-2,0,0,0,0,6,0,2,0,0,2,-5,3,0,0,0,-3,0,-5,0,0,1,0,1,0,0,0,0,[(7, 5), (12, 10), (12, 10), (23, 21)]
-2,0,0,0,0,6,0,2,0,0,1,-5,4,0,0,0,-3,0,-5,1,0,0,0,1,0,0,0,0,[(7, 5), (12, 10), (23, 21), (21, 19)]
-2,0,0,0,0,6,0,2,0,0,1,-5,4,0,0,0,-3,0,-5,0,0,2,0,0,0,0,0,0,[(7, 5), (12, 10), (23, 21), (23, 21)]
-2,0,0,0,0,6,0,2,0,0,0,-5,5,0,0,0,-3,1,-5,0,0,0,0,1,0,0,0,0,[(7, 5), (23, 21), (21, 19), (19, 17)]
-2,0,0,0,0,6,0,2,0,0,0,-5,5,0,0,0,-3,0,-5,1,0,1,0,0,0,0,0,0,[(7, 5), (23, 21), (21, 19), (23, 21)]
-2,0,0,0,1,5,0,3,0,0,0,-5,4,0,0,0,-3,0,-5,0,0,0,0,2,0,0,0,0,[(12, 10), (10, 8), (8, 6), (6, 4)]
-2,0,0,0,0,5,1,3,0,0,1,-5,3,0,0,0,-3,0,-5,0,0,0,0,2,0,0,0,0,[(12, 10), (10, 8), (8, 6), (12, 10)]
-2,0,0,0,0,5,1,3,0,0,0,-5,4,0,0,0,-3,0,-5,0,0,1,0,1,0,0,0,0,[(12, 10), (10, 8), (8, 6), (23, 21)]
-2,0,0,0,0,5,0,3,2,0,0,-5,3,0,0,0,-3,0,-5,0,0,0,0,2,0,0,0,0,[(12, 10), (10, 8), (12, 10), (10, 8)]
-2,0,0,0,0,5,0,3,1,0,2,-5,2,0,0,0,-3,0,-5,0,0,0,0,2,0,0,0,0,[(12, 10), (10, 8), (12, 10), (12, 10)]
-2,0,0,0,0,5,0,3,1,0,1,-5,3,0,0,0,-3,0,-5,0,0,1,0,1,0,0,0,0,[(12, 10), (10, 8), (12, 10), (23, 21)]
-2,0,0,0,0,5,0,3,1,0,0,-5,4,0,0,0,-3,0,-5,1,0,0,0,1,0,0,0,0,[(12, 10), (10, 8), (23, 21), (21, 19)]
-2,0,0,0,0,5,0,3,1,0,0,-5,4,0,0,0,-3,0,-5,0,0,2,0,0,0,0,0,0,[(12, 10), (10, 8), (23, 21), (23, 21)]
-2,0,0,0,0,5,0,3,0,0,4,-5,1,0,0,0,-3,0,-5,0,0,0,0,2,0,0,0,0,[(12, 10), (12, 10), (12, 10), (12, 10)]
-2,0,0,0,0,5,0,3,0,0,3,-5,2,0,0,0,-3,0,-5,0,0,1,0,1,0,0,0,0,[(12, 10), (12, 10), (12, 10), (23, 21)]
-2,0,0,0,0,5,0,3,0,0,2,-5,3,0,0,0,-3,0,-5,1,0,0,0,1,0,0,0,0,[(12, 10), (12, 10), (23, 21), (21, 19)]
-2,0,0,0,0,5,0,3,0,0,2,-5,3,0,0,0,-3,0,-5,0,0,2,0,0,0,0,0,0,[(12, 10), (12, 10), (23, 21), (23, 21)]
-2,0,0,0,0,5,0,3,0,0,1,-5,4,0,0,0,-3,1,-5,0,0,0,0,1,0,0,0,0,[(12, 10), (23, 21), (21, 19), (19, 17)]
-2,0,0,0,0,5,0,3,0,0,1,-5,4,0,0,0,-3,0,-5,1,0,1,0,0,0,0,0,0,[(12, 10), (23, 21), (21, 19), (23, 21)]
-2,0,0,0,0,5,0,3,0,0,0,-5,5,0,0,1,-3,0,-5,0,0,0,0,1,0,0,0,0,[(23, 21), (21, 19), (19, 17), (17, 15)]
-2,0,0,0,0,5,0,3,0,0,0,-5,5,0,0,0,-3,1,-5,0,0,1,0,0,0,0,0,0,[(23, 21), (21, 19), (19, 17), (23, 21)]
-2,0,0,0,0,5,0,3,0,0,0,-5,5,0,0,0,-3,0,-5,2,0,0,0,0,0,0,0,0,[(23, 21), (21, 19), (23, 21), (21, 19)]
-2,0,1,1,0,3,0,3,0,0,0,-5,5,0,0,0,-3,0,-5,0,0,0,0,2,0,0,0,0,[(5, 3), (5, 2)]
-2,0,0,1,0,4,0,3,0,1,0,-5,4,0,0,0,-3,0,-5,0,0,0,0,2,0,0,0,0,[(5, 3), (12, 9)],-0.0279
-2,0,0,1,0,4,0,3,0,0,0,-5,5,0,0,0,-3,0,-5,0,1,0,0,1,0,0,0,0,[(5, 3), (23, 20)]
-2,0,0,0,1,6,0,1,0,0,0,-5,5,0,0,0,-3,0,-5,0,0,0,0,2,0,0,0,0,[(7, 5), (7, 4)]
-2,0,0,0,0,6,0,2,0,1,0,-5,4,0,0,0,-3,0,-5,0,0,0,0,2,0,0,0,0,[(7, 5), (12, 9)]
-2,0,0,0,0,6,0,2,0,0,0,-5,5,0,0,0,-3,0,-5,0,1,0,0,1,0,0,0,0,[(7, 5), (23, 20)]
-2,0,1,0,0,4,0,3,0,0,1,-5,4,0,0,0,-3,0,-5,0,0,0,0,2,0,0,0,0,[(12, 10), (5, 2)]
-2,0,0,0,1,5,0,2,0,0,1,-5,4,0,0,0,-3,0,-5,0,0,0,0,2,0,0,0,0,[(12, 10), (7, 4)]
-2,0,0,0,0,5,0,3,0,1,1,-5,3,0,0,0,-3,0,-5,0,0,0,0,2,0,0,0,0,[(12, 10), (12, 9)],0.0053
-2,0,0,0,0,5,0,3,0,0,1,-5,4,0,0,0,-3,0,-5,0,1,0,0,1,0,0,0,0,[(12, 10), (23, 20)],0.0052
-2,0,1,0,0,4,0,3,0,0,0,-5,5,0,0,0,-3,0,-5,0,0,1,0,1,0,0,0,0,[(23, 21), (5, 2)]
-2,0,0,0,1,5,0,2,0,0,0,-5,5,0,0,0,-3,0,-5,0,0,1,0,1,0,0,0,0,[(23, 21), (7, 4)]
-2,0,0,0,0,5,0,3,0,1,0,-5,4,0,0,0,-3,0,-5,0,0,1,0,1,0,0,0,0,[(23, 21), (12, 9)],-0.0006
-2,0,0,0,0,5,0,3,0,0,0,-5,5,0,0,0,-3,0,-5,0,1,1,0,0,0,0,0,0,[(23, 21), (23, 20)],-0.028
-2,1,0,1,0,3,0,3,0,0,0,-5,5,0,0,0,-3,0,-5,0,0,0,0,2,0,0,0,0,[(5, 3), (5, 1)]
-2,0,0,2,0,4,0,2,0,0,0,-5,5,0,0,0,-3,0,-5,0,0,0,0,2,0,0,0,0,[(5, 3), (7, 3)],0.1234
-2,0,0,1,0,4,0,3,1,0,0,-5,4,0,0,0,-3,0,-5,0,0,0,0,2,0,0,0,0,[(5, 3), (12, 8)]
-2,0,0,1,0,4,0,3,0,0,0,-5,5,0,0,0,-3,0,-5,1,0,0,0,1,0,0,0,0,[(5, 3), (23, 19)]
-2,0,0,1,0,6,0,1,0,0,0,-5,5,0,0,0,-3,0,-5,0,0,0,0,2,0,0,0,0,[(7, 5), (7, 3)]
-2,0,0,0,0,6,0,2,1,0,0,-5,4,0,0,0,-3,0,-5,0,0,0,0,2,0,0,0,0,[(7, 5), (12, 8)]
-2,0,0,0,0,6,0,2,0,0,0,-5,5,0,0,0,-3,0,-5,1,0,0,0,1,0,0,0,0,[(7, 5), (23, 19)]
-2,1,0,0,0,4,0,3,0,0,1,-5,4,0,0,0,-3,0,-5,0,0,0,0,2,0,0,0,0,[(12, 10), (5, 1)]
-2,0,0,1,0,5,0,2,0,0,1,-5,4,0,0,0,-3,0,-5,0,0,0,0,2,0,0,0,0,[(12, 10), (7, 3)]
-2,0,0,0,0,5,0,3,1,0,1,-5,3,0,0,0,-3,0,-5,0,0,0,0,2,0,0,0,0,[(12, 10), (12, 8)]
-2,0,0,0,0,5,0,3,0,0,1,-5,4,0,0,0,-3,0,-5,1,0,0,0,1,0,0,0,0,[(12, 10), (23, 19)]
-2,1,0,0,0,4,0,3,0,0,0,-5,5,0,0,0,-3,0,-5,0,0,1,0,1,0,0,0,0,[(23, 21), (5, 1)]
-2,0,0,1,0,5,0,2,0,0,0,-5,5,0,0,0,-3,0,-5,0,0,1,0,1,0,0,0,0,[(23, 21), (7, 3)]
-2,0,0,0,0,5,0,3,1,0,0,-5,4,0,0,0,-3,0,-5,0,0,1,0,1,0,0,0,0,[(23, 21), (12, 8)]
-2,0,0,0,0,5,0,3,0,0,0,-5,5,0,0,0,-3,0,-5,1,0,1,0,0,0,0,0,0,[(23, 21), (23, 19)]
-2,0,1,1,0,4,0,2,0,0,0,-5,5,0,0,0,-3,0,-5,0,0,0,0,2,0,0,0,0,[(5, 3), (7, 2)]
-2,0,0,1,0,4,0,4,0,0,0,-5,4,0,0,0,-3,0,-5,0,0,0,0,2,0,0,0,0,[(5, 3), (12, 7)],-0.0276
-2,0,1,0,0,6,0,1,0,0,0,-5,5,0,0,0,-3,0,-5,0,0,0,0,2,0,0,0,0,[(7, 5), (7, 2)]
-2,0,1,0,0,5,0,2,0,0,1,-5,4,0,0,0,-3,0,-5,0,0,0,0,2,0,0,0,0,[(12, 10), (7, 2)]
-2,0,0,0,0,5,0,4,0,0,1,-5,3,0,0,0,-3,0,-5,0,0,0,0,2,0,0,0,0,[(12, 10), (12, 7)],-0.0023
-2,0,1,0,0,5,0,2,0,0,0,-5,5,0,0,0,-3,0,-5,0,0,1,0,1,0,0,0,0,[(23, 21), (7, 2)]
-2,0,0,0,0,5,0,4,0,0,0,-5,4,0,0,0,-3,0,-5,0,0,1,0,1,0,0,0,0,[(23, 21), (12, 7)],0.0032
-2,0,4,0,0,1,0,3,0,0,0,-5,5,0,0,0,-3,0,-5,0,0,0,0,2,0,0,0,0,[(5, 2), (5, 2), (5, 2), (5, 2)]
-2,0,3,0,1,2,0,2,0,0,0,-5,5,0,0,0,-3,0,-5,0,0,0,0,2,0,0,0,0,[(5, 2), (5, 2), (5, 2), (7, 4)]
-2,0,3,0,0,2,0,3,0,1,0,-5,4,0,0,0,-3,0,-5,0,0,0,0,2,0,0,0,0,[(5, 2), (5, 2), (5, 2), (12, 9)]
-2,0,3,0,0,2,0,3,0,0,0,-5,5,0,0,0,-3,0,-5,0,1,0,0,1,0,0,0,0,[(5, 2), (5, 2), (5, 2), (23, 20)]
-2,1,2,0,0,3,0,2,0,0,0,-5,5,0,0,0,-3,0,-5,0,0,0,0,2,0,0,0,0,[(5, 2), (5, 2), (7, 4), (4, 1)]
-2,0,2,0,2,3,0,1,0,0,0,-5,5,0,0,0,-3,0,-5,0,0,0,0,2,0,0,0,0,[(5, 2), (5, 2), (7, 4), (7, 4)]
-2,0,2,0,1,3,0,2,0,1,0,-5,4,0,0,0,-3,0,-5,0,0,0,0,2,0,0,0,0,[(5, 2), (5, 2), (7, 4), (12, 9)]
-2,0,2,0,1,3,0,2,0,0,0,-5,5,0,0,0,-3,0,-5,0,1,0,0,1,0,0,0,0,[(5, 2), (5, 2), (7, 4), (23, 20)]
-2,0,2,0,0,3,1,3,0,0,0,-5,4,0,0,0,-3,0,-5,0,0,0,0,2,0,0,0,0,[(5, 2), (5, 2), (12, 9), (9, 6)]
-2,0,2,0,0,3,0,3,0,2,0,-5,3,0,0,0,-3,0,-5,0,0,0,0,2,0,0,0,0,[(5, 2), (5, 2), (12, 9), (12, 9)]
-2,0,2,0,0,3,0,3,0,1,0,-5,4,0,0,0,-3,0,-5,0,1,0,0,1,0,0,0,0,[(5, 2), (5, 2), (12, 9), (23, 20)]
-2,0,2,0,0,3,0,3,0,0,0,-5,5,0,0,0,-3,1,-5,0,0,0,0,1,0,0,0,0,[(5, 2), (5, 2), (23, 20), (20, 17)]
-2,0,2,0,0,3,0,3,0,0,0,-5,5,0,0,0,-3,0,-5,0,2,0,0,0,0,0,0,0,[(5, 2), (5, 2), (23, 20), (23, 20)]
-2,1,1,0,1,4,0,1,0,0,0,-5,5,0,0,0,-3,0,-5,0,0,0,0,2,0,0,0,0,[(5, 2), (7, 4), (4, 1), (7, 4)]
-2,1,1,0,0,4,0,2,0,1,0,-5,4,0,0,0,-3,0,-5,0,0,0,0,2,0,0,0,0,[(5, 2), (7, 4), (4, 1), (12, 9)]
-2,1,1,0,0,4,0,2,0,0,0,-5,5,0,0,0,-3,0,-5,0,1,0,0,1,0,0,0,0,[(5, 2), (7, 4), (4, 1), (23, 20)]
-2,0,1,0,3,4,0,0,0,0,0,-5,5,0,0,0,-3,0,-5,0,0,0,0,2,0,0,0,0,[(5, 2), (7, 4), (7, 4), (7, 4)]
-2,0,1,0,2,4,0,1,0,1,0,-5,4,0,0,0,-3,0,-5,0,0,0,0,2,0,0,0,0,[(5, 2), (7, 4), (7, 4), (12, 9)]
-2,0,1,0,2,4,0,1,0,0,0,-5,5,0,0,0,-3,0,-5,0,1,0,0,1,0,0,0,0,[(5, 2), (7, 4), (7, 4), (23, 20)]
-2,0,1,0,1,4,1,2,0,0,0,-5,4,0,0,0,-3,0,-5,0,0,0,0,2,0,0,0,0,[(5, 2), (7, 4), (12, 9), (9, 6)]
-2,0,1,0,1,4,0,2,0,2,0,-5,3,0,0,0,-3,0,-5,0,0,0,0,2,0,0,0,0,[(5, 2), (7, 4), (12, 9), (12, 9)]
-2,0,1,0,1,4,0,2,0,1,0,-5,4,0,0,0,-3,0,-5,0,1,0,0,1,0,0,0,0,[(5, 2), (7, 4), (12, 9), (23, 20)]
-2,0,1,0,1,4,0,2,0,0,0,-5,5,0,0,0,-3,1,-5,0,0,0,0,1,0,0,0,0,[(5, 2), (7, 4), (23, 20), (20, 17)]
-2,0,1,0,1,4,0,2,0,0,0,-5,5,0,0,0,-3,0,-5,0,2,0,0,0,0,0,0,0,[(5, 2), (7, 4), (23, 20), (23, 20)]
-2,0,1,1,0,4,0,3,0,0,0,-5,4,0,0,0,-3,0,-5,0,0,0,0,2,0,0,0,0,[(5, 2), (12, 9), (9, 6), (6, 3)]
-2,0,1,0,0,4,1,3,0,1,0,-5,3,0,0,0,-3,0,-5,0,0,0,0,2,0,0,0,0,[(5, 2), (12, 9), (9, 6), (12, 9)]
-2,0,1,0,0,4,1,3,0,0,0,-5,4,0,0,0,-3,0,-5,0,1,0,0,1,0,0,0,0,[(5, 2), (12, 9), (9, 6), (23, 20)]
-2,0,1,0,0,4,0,3,0,3,0,-5,2,0,0,0,-3,0,-5,0,0,0,0,2,0,0,0,0,[(5, 2), (12, 9), (12, 9), (12, 9)]
-2,0,1,0,0,4,0,3,0,2,0,-5,3,0,0,0,-3,0,-5,0,1,0,0,1,0,0,0,0,[(5, 2), (12, 9), (12, 9), (23, 20)]
-2,0,1,0,0,4,0,3,0,1,0,-5,4,0,0,0,-3,1,-5,0,0,0,0,1,0,0,0,0,[(5, 2), (12, 9), (23, 20), (20, 17)]
-2,0,1,0,0,4,0,3,0,1,0,-5,4,0,0,0,-3,0,-5,0,2,0,0,0,0,0,0,0,[(5, 2), (12, 9), (23, 20), (23, 20)]
-2,0,1,0,0,4,0,3,0,0,0,-5,5,0,1,0,-3,0,-5,0,0,0,0,1,0,0,0,0,[(5, 2), (23, 20), (20, 17), (17, 14)]
-2,0,1,0,0,4,0,3,0,0,0,-5,5,0,0,0,-3,1,-5,0,1,0,0,0,0,0,0,0,[(5, 2), (23, 20), (20, 17), (23, 20)]
-2,2,0,0,0,5,0,1,0,0,0,-5,5,0,0,0,-3,0,-5,0,0,0,0,2,0,0,0,0,[(7, 4), (4, 1), (7, 4), (4, 1)]
-2,1,0,0,2,5,0,0,0,0,0,-5,5,0,0,0,-3,0,-5,0,0,0,0,2,0,0,0,0,[(7, 4), (4, 1), (7, 4), (7, 4)]
-2,1,0,0,1,5,0,1,0,1,0,-5,4,0,0,0,-3,0,-5,0,0,0,0,2,0,0,0,0,[(7, 4), (4, 1), (7, 4), (12, 9)]
-2,1,0,0,1,5,0,1,0,0,0,-5,5,0,0,0,-3,0,-5,0,1,0,0,1,0,0,0,0,[(7, 4), (4, 1), (7, 4), (23, 20)]
-2,1,0,0,0,5,1,2,0,0,0,-5,4,0,0,0,-3,0,-5,0,0,0,0,2,0,0,0,0,[(7, 4), (4, 1), (12, 9), (9, 6)]
-2,1,0,0,0,5,0,2,0,2,0,-5,3,0,0,0,-3,0,-5,0,0,0,0,2,0,0,0,0,[(7, 4), (4, 1), (12, 9), (12, 9)]
-2,1,0,0,0,5,0,2,0,1,0,-5,4,0,0,0,-3,0,-5,0,1,0,0,1,0,0,0,0,[(7, 4), (4, 1), (12, 9), (23, 20)]
-2,1,0,0,0,5,0,2,0,0,0,-5,5,0,0,0,-3,1,-5,0,0,0,0,1,0,0,0,0,[(7, 4), (4, 1), (23, 20), (20, 17)]
-2,1,0,0,0,5,0,2,0,0,0,-5,5,0,0,0,-3,0,-5,0,2,0,0,0,0,0,0,0,[(7, 4), (4, 1), (23, 20), (23, 20)]
-2,0,0,0,3,5,0,0,0,1,0,-5,4,0,0,0,-3,0,-5,0,0,0,0,2,0,0,0,0,[(7, 4), (7, 4), (7, 4), (12, 9)]
-2,0,0,0,3,5,0,0,0,0,0,-5,5,0,0,0,-3,0,-5,0,1,0,0,1,0,0,0,0,[(7, 4), (7, 4), (7, 4), (23, 20)]
-2,0,0,0,2,5,1,1,0,0,0,-5,4,0,0,0,-3,0,-5,0,0,0,0,2,0,0,0,0,[(7, 4), (7, 4), (12, 9), (9, 6)]
-2,0,0,0,2,5,0,1,0,2,0,-5,3,0,0,0,-3,0,-5,0,0,0,0,2,0,0,0,0,[(7, 4), (7, 4), (12, 9), (12, 9)]
-2,0,0,0,2,5,0,1,0,1,0,-5,4,0,0,0,-3,0,-5,0,1,0,0,1,0,0,0,0,[(7, 4), (7, 4), (12, 9), (23, 20)]
-2,0,0,0,2,5,0,1,0,0,0,-5,5,0,0,0,-3,1,-5,0,0,0,0,1,0,0,0,0,[(7, 4), (7, 4), (23, 20), (20, 17)]
-2,0,0,0,2,5,0,1,0,0,0,-5,5,0,0,0,-3,0,-5,0,2,0,0,0,0,0,0,0,[(7, 4), (7, 4), (23, 20), (23, 20)]
-2,0,0,1,1,5,0,2,0,0,0,-5,4,0,0,0,-3,0,-5,0,0,0,0,2,0,0,0,0,[(7, 4), (12, 9), (9, 6), (6, 3)]
-2,0,0,0,1,5,1,2,0,1,0,-5,3,0,0,0,-3,0,-5,0,0,0,0,2,0,0,0,0,[(7, 4), (12, 9), (9, 6), (12, 9)]
-2,0,0,0,1,5,1,2,0,0,0,-5,4,0,0,0,-3,0,-5,0,1,0,0,1,0,0,0,0,[(7, 4), (12, 9), (9, 6), (23, 20)]
-2,0,0,0,1,5,0,2,0,3,0,-5,2,0,0,0,-3,0,-5,0,0,0,0,2,0,0,0,0,[(7, 4), (12, 9), (12, 9), (12, 9)]
-2,0,0,0,1,5,0,2,0,2,0,-5,3,0,0,0,-3,0,-5,0,1,0,0,1,0,0,0,0,[(7, 4), (12, 9), (12, 9), (23, 20)]
-2,0,0,0,1,5,0,2,0,1,0,-5,4,0,0,0,-3,1,-5,0,0,0,0,1,0,0,0,0,[(7, 4), (12, 9), (23, 20), (20, 17)]
-2,0,0,0,1,5,0,2,0,1,0,-5,4,0,0,0,-3,0,-5,0,2,0,0,0,0,0,0,0,[(7, 4), (12, 9), (23, 20), (23, 20)]
-2,0,0,0,1,5,0,2,0,0,0,-5,5,0,1,0,-3,0,-5,0,0,0,0,1,0,0,0,0,[(7, 4), (23, 20), (20, 17), (17, 14)]
-2,0,0,0,1,5,0,2,0,0,0,-5,5,0,0,0,-3,1,-5,0,1,0,0,0,0,0,0,0,[(7, 4), (23, 20), (20, 17), (23, 20)]
-2,0,0,1,0,5,0,3,0,1,0,-5,3,0,0,0,-3,0,-5,0,0,0,0,2,0,0,0,0,[(12, 9), (9, 6), (6, 3), (12, 9)]
-2,0,0,1,0,5,0,3,0,0,0,-5,4,0,0,0,-3,0,-5,0,1,0,0,1,0,0,0,0,[(12, 9), (9, 6), (6, 3), (23, 20)]
-2,0,0,0,0,5,2,3,0,0,0,-5,3,0,0,0,-3,0,-5,0,0,0,0,2,0,0,0,0,[(12, 9), (9, 6), (12, 9), (9, 6)]
-2,0,0,0,0,5,1,3,0,2,0,-5,2,0,0,0,-3,0,-5,0,0,0,0,2,0,0,0,0,[(12, 9), (9, 6), (12, 9), (12, 9)]
-2,0,0,0,0,5,1,3,0,1,0,-5,3,0,0,0,-3,0,-5,0,1,0,0,1,0,0,0,0,[(12, 9), (9, 6), (12, 9), (23, 20)]
-2,0,0,0,0,5,1,3,0,0,0,-5,4,0,0,0,-3,1,-5,0,0,0,0,1,0,0,0,0,[(12, 9), (9, 6), (23, 20), (20, 17)]
-2,0,0,0,0,5,1,3,0,0,0,-5,4,0,0,0,-3,0,-5,0,2,0,0,0,0,0,0,0,[(12, 9), (9, 6), (23, 20), (23, 20)]
-2,0,0,0,0,5,0,3,0,4,0,-5,1,0,0,0,-3,0,-5,0,0,0,0,2,0,0,0,0,[(12, 9), (12, 9), (12, 9), (12, 9)]
-2,0,0,0,0,5,0,3,0,3,0,-5,2,0,0,0,-3,0,-5,0,1,0,0,1,0,0,0,0,[(12, 9), (12, 9), (12, 9), (23, 20)]
-2,0,0,0,0,5,0,3,0,2,0,-5,3,0,0,0,-3,1,-5,0,0,0,0,1,0,0,0,0,[(12, 9), (12, 9), (23, 20), (20, 17)]
-2,0,0,0,0,5,0,3,0,2,0,-5,3,0,0,0,-3,0,-5,0,2,0,0,0,0,0,0,0,[(12, 9), (12, 9), (23, 20), (23, 20)]
-2,0,0,0,0,5,0,3,0,1,0,-5,4,0,1,0,-3,0,-5,0,0,0,0,1,0,0,0,0,[(12, 9), (23, 20), (20, 17), (17, 14)]
-2,0,0,0,0,5,0,3,0,1,0,-5,4,0,0,0,-3,1,-5,0,1,0,0,0,0,0,0,0,[(12, 9), (23, 20), (20, 17), (23, 20)]
-2,0,0,0,0,5,0,3,0,0,0,-5,5,0,1,0,-3,0,-5,0,1,0,0,0,0,0,0,0,[(23, 20), (20, 17), (17, 14), (23, 20)]
-2,0,0,0,0,5,0,3,0,0,0,-5,5,0,0,0,-3,2,-5,0,0,0,0,0,0,0,0,0,[(23, 20), (20, 17), (23, 20), (20, 17)]
-2,1,1,0,0,3,0,3,0,0,0,-5,5,0,0,0,-3,0,-5,0,0,0,0,2,0,0,0,0,[(5, 2), (5, 1)]
-2,0,1,0,0,4,0,3,1,0,0,-5,4,0,0,0,-3,0,-5,0,0,0,0,2,0,0,0,0,[(5, 2), (12, 8)]
-2,0,1,0,0,4,0,3,0,0,0,-5,5,0,0,0,-3,0,-5,1,0,0,0,1,0,0,0,0,[(5, 2), (23, 19)]
-2,0,0,1,1,5,0,1,0,0,0,-5,5,0,0,0,-3,0,-5,0,0,0,0,2,0,0,0,0,[(7, 4), (7, 3)]
-2,0,0,0,1,5,0,2,1,0,0,-5,4,0,0,0,-3,0,-5,0,0,0,0,2,0,0,0,0,[(7, 4), (12, 8)]
-2,0,0,0,1,5,0,2,0,0,0,-5,5,0,0,0,-3,0,-5,1,0,0,0,1,0,0,0,0,[(7, 4), (23, 19)]
-2,1,0,0,0,4,0,3,0,1,0,-5,4,0,0,0,-3,0,-5,0,0,0,0,2,0,0,0,0,[(12, 9), (5, 1)]
-2,0,0,1,0,5,0,2,0,1,0,-5,4,0,0,0,-3,0,-5,0,0,0,0,2,0,0,0,0,[(12, 9), (7, 3)]
-2,0,0,0,0,5,0,3,1,1,0,-5,3,0,0,0,-3,0,-5,0,0,0,0,2,0,0,0,0,[(12, 9), (12, 8)],0.0125
-2,0,0,0,0,5,0,3,0,1,0,-5,4,0,0,0,-3,0,-5,1,0,0,0,1,0,0,0,0,[(12, 9), (23, 19)],0.0008
-2,1,0,0,0,4,0,3,0,0,0,-5,5,0,0,0,-3,0,-5,0,1,0,0,1,0,0,0,0,[(23, 20), (5, 1)]
-2,0,0,1,0,5,0,2,0,0,0,-5,5,0,0,0,-3,0,-5,0,1,0,0,1,0,0,0,0,[(23, 20), (7, 3)]
-2,0,0,0,0,5,0,3,1,0,0,-5,4,0,0,0,-3,0,-5,0,1,0,0,1,0,0,0,0,[(23, 20), (12, 8)],0.006
-2,0,0,0,0,5,0,3,0,0,0,-5,5,0,0,0,-3,0,-5,1,1,0,0,0,0,0,0,0,[(23, 20), (23, 19)],-0.012
-2,0,2,0,0,4,0,2,0,0,0,-5,5,0,0,0,-3,0,-5,0,0,0,0,2,0,0,0,0,[(5, 2), (7, 2)],0.0638
-2,0,1,0,0,4,0,4,0,0,0,-5,4,0,0,0,-3,0,-5,0,0,0,0,2,0,0,0,0,[(5, 2), (12, 7)]
-2,0,1,0,1,5,0,1,0,0,0,-5,5,0,0,0,-3,0,-5,0,0,0,0,2,0,0,0,0,[(7, 4), (7, 2)]
-2,0,1,0,0,5,0,2,0,1,0,-5,4,0,0,0,-3,0,-5,0,0,0,0,2,0,0,0,0,[(12, 9), (7, 2)]
-2,0,0,0,0,5,0,4,0,1,0,-5,3,0,0,0,-3,0,-5,0,0,0,0,2,0,0,0,0,[(12, 9), (12, 7)],0.0042
-2,0,1,0,0,5,0,2,0,0,0,-5,5,0,0,0,-3,0,-5,0,1,0,0,1,0,0,0,0,[(23, 20), (7, 2)]
-2,0,0,0,0,5,0,4,0,0,0,-5,4,0,0,0,-3,0,-5,0,1,0,0,1,0,0,0,0,[(23, 20), (12, 7)],0.0196
-2,1,1,0,0,4,0,2,0,0,0,-5,5,0,0,0,-3,0,-5,0,0,0,0,2,0,0,0,0,[(5, 2), (7, 1)]
-2,0,1,0,0,4,1,3,0,0,0,-5,4,0,0,0,-3,0,-5,0,0,0,0,2,0,0,0,0,[(5, 2), (12, 6)]
-2,0,1,0,0,4,0,3,0,0,0,-5,5,0,0,0,-3,1,-5,0,0,0,0,1,0,0,0,0,[(5, 2), (23, 17)]
-2,1,0,0,1,5,0,1,0,0,0,-5,5,0,0,0,-3,0,-5,0,0,0,0,2,0,0,0,0,[(7, 4), (7, 1)]
-2,0,0,0,1,5,1,2,0,0,0,-5,4,0,0,0,-3,0,-5,0,0,0,0,2,0,0,0,0,[(7, 4), (12, 6)]
-2,0,0,0,1,5,0,2,0,0,0,-5,5,0,0,0,-3,1,-5,0,0,0,0,1,0,0,0,0,[(7, 4), (23, 17)]
-2,1,0,0,0,5,0,2,0,1,0,-5,4,0,0,0,-3,0,-5,0,0,0,0,2,0,0,0,0,[(12, 9), (7, 1)]
-2,0,0,1,0,5,0,3,0,0,0,-5,4,0,0,0,-3,0,-5,0,0,0,0,2,0,0,0,0,[(12, 9), (9, 3)],-0.0344
-2,0,0,0,0,5,1,3,0,1,0,-5,3,0,0,0,-3,0,-5,0,0,0,0,2,0,0,0,0,[(12, 9), (12, 6)],-0.0462
-2,0,0,0,0,5,0,3,0,1,0,-5,4,0,0,0,-3,1,-5,0,0,0,0,1,0,0,0,0,[(12, 9), (23, 17)], 0.0072
-2,1,0,0,0,5,0,2,0,0,0,-5,5,0,0,0,-3,0,-5,0,1,0,0,1,0,0,0,0,[(23, 20), (7, 1)]
-2,0,0,0,0,5,1,3,0,0,0,-5,4,0,0,0,-3,0,-5,0,1,0,0,1,0,0,0,0,[(23, 20), (12, 6)],-0.0332
-2,0,0,0,0,5,0,3,0,0,0,-5,5,0,1,0,-3,0,-5,0,0,0,0,1,0,0,0,0,[(23, 20), (20, 14)],-0.0071
-2,0,0,0,0,5,0,3,0,0,0,-5,5,0,0,0,-3,1,-5,0,1,0,0,0,0,0,0,0,[(23, 20), (23, 17)]
-2,4,0,0,0,1,0,3,0,0,0,-5,5,0,0,0,-3,0,-5,0,0,0,0,2,0,0,0,0,[(5, 1), (5, 1), (5, 1), (5, 1)]
-2,3,0,1,0,2,0,2,0,0,0,-5,5,0,0,0,-3,0,-5,0,0,0,0,2,0,0,0,0,[(5, 1), (5, 1), (5, 1), (7, 3)]
-2,3,0,0,0,2,0,3,1,0,0,-5,4,0,0,0,-3,0,-5,0,0,0,0,2,0,0,0,0,[(5, 1), (5, 1), (5, 1), (12, 8)]
-2,3,0,0,0,2,0,3,0,0,0,-5,5,0,0,0,-3,0,-5,1,0,0,0,1,0,0,0,0,[(5, 1), (5, 1), (5, 1), (23, 19)]
-2,2,0,2,0,3,0,1,0,0,0,-5,5,0,0,0,-3,0,-5,0,0,0,0,2,0,0,0,0,[(5, 1), (5, 1), (7, 3), (7, 3)]
-2,2,0,1,0,3,0,2,1,0,0,-5,4,0,0,0,-3,0,-5,0,0,0,0,2,0,0,0,0,[(5, 1), (5, 1), (7, 3), (12, 8)]
-2,2,0,1,0,3,0,2,0,0,0,-5,5,0,0,0,-3,0,-5,1,0,0,0,1,0,0,0,0,[(5, 1), (5, 1), (7, 3), (23, 19)]
-2,2,0,0,1,3,0,3,0,0,0,-5,4,0,0,0,-3,0,-5,0,0,0,0,2,0,0,0,0,[(5, 1), (5, 1), (12, 8), (8, 4)]
-2,2,0,0,0,3,0,3,2,0,0,-5,3,0,0,0,-3,0,-5,0,0,0,0,2,0,0,0,0,[(5, 1), (5, 1), (12, 8), (12, 8)]
-2,2,0,0,0,3,0,3,1,0,0,-5,4,0,0,0,-3,0,-5,1,0,0,0,1,0,0,0,0,[(5, 1), (5, 1), (12, 8), (23, 19)]
-2,2,0,0,0,3,0,3,0,0,0,-5,5,0,0,1,-3,0,-5,0,0,0,0,1,0,0,0,0,[(5, 1), (5, 1), (23, 19), (19, 15)]
-2,2,0,0,0,3,0,3,0,0,0,-5,5,0,0,0,-3,0,-5,2,0,0,0,0,0,0,0,0,[(5, 1), (5, 1), (23, 19), (23, 19)]
-2,1,0,3,0,4,0,0,0,0,0,-5,5,0,0,0,-3,0,-5,0,0,0,0,2,0,0,0,0,[(5, 1), (7, 3), (7, 3), (7, 3)]
-2,1,0,2,0,4,0,1,1,0,0,-5,4,0,0,0,-3,0,-5,0,0,0,0,2,0,0,0,0,[(5, 1), (7, 3), (7, 3), (12, 8)]
-2,1,0,2,0,4,0,1,0,0,0,-5,5,0,0,0,-3,0,-5,1,0,0,0,1,0,0,0,0,[(5, 1), (7, 3), (7, 3), (23, 19)]
-2,1,0,1,1,4,0,2,0,0,0,-5,4,0,0,0,-3,0,-5,0,0,0,0,2,0,0,0,0,[(5, 1), (7, 3), (12, 8), (8, 4)]
-2,1,0,1,0,4,0,2,2,0,0,-5,3,0,0,0,-3,0,-5,0,0,0,0,2,0,0,0,0,[(5, 1), (7, 3), (12, 8), (12, 8)]
-2,1,0,1,0,4,0,2,1,0,0,-5,4,0,0,0,-3,0,-5,1,0,0,0,1,0,0,0,0,[(5, 1), (7, 3), (12, 8), (23, 19)]
-2,1,0,1,0,4,0,2,0,0,0,-5,5,0,0,1,-3,0,-5,0,0,0,0,1,0,0,0,0,[(5, 1), (7, 3), (23, 19), (19, 15)]
-2,1,0,1,0,4,0,2,0,0,0,-5,5,0,0,0,-3,0,-5,2,0,0,0,0,0,0,0,0,[(5, 1), (7, 3), (23, 19), (23, 19)]
-2,1,0,0,1,4,0,3,1,0,0,-5,3,0,0,0,-3,0,-5,0,0,0,0,2,0,0,0,0,[(5, 1), (12, 8), (8, 4), (12, 8)]
-2,1,0,0,1,4,0,3,0,0,0,-5,4,0,0,0,-3,0,-5,1,0,0,0,1,0,0,0,0,[(5, 1), (12, 8), (8, 4), (23, 19)]
-2,1,0,0,0,4,0,3,3,0,0,-5,2,0,0,0,-3,0,-5,0,0,0,0,2,0,0,0,0,[(5, 1), (12, 8), (12, 8), (12, 8)]
-2,1,0,0,0,4,0,3,2,0,0,-5,3,0,0,0,-3,0,-5,1,0,0,0,1,0,0,0,0,[(5, 1), (12, 8), (12, 8), (23, 19)]
-2,1,0,0,0,4,0,3,1,0,0,-5,4,0,0,1,-3,0,-5,0,0,0,0,1,0,0,0,0,[(5, 1), (12, 8), (23, 19), (19, 15)]
-2,1,0,0,0,4,0,3,1,0,0,-5,4,0,0,0,-3,0,-5,2,0,0,0,0,0,0,0,0,[(5, 1), (12, 8), (23, 19), (23, 19)]
-2,1,0,0,0,4,0,3,0,0,0,-5,5,0,0,1,-3,0,-5,1,0,0,0,0,0,0,0,0,[(5, 1), (23, 19), (19, 15), (23, 19)]
-2,0,0,3,0,5,0,0,1,0,0,-5,4,0,0,0,-3,0,-5,0,0,0,0,2,0,0,0,0,[(7, 3), (7, 3), (7, 3), (12, 8)]
-2,0,0,3,0,5,0,0,0,0,0,-5,5,0,0,0,-3,0,-5,1,0,0,0,1,0,0,0,0,[(7, 3), (7, 3), (7, 3), (23, 19)]
-2,0,0,2,1,5,0,1,0,0,0,-5,4,0,0,0,-3,0,-5,0,0,0,0,2,0,0,0,0,[(7, 3), (7, 3), (12, 8), (8, 4)]
-2,0,0,2,0,5,0,1,2,0,0,-5,3,0,0,0,-3,0,-5,0,0,0,0,2,0,0,0,0,[(7, 3), (7, 3), (12, 8), (12, 8)]
-2,0,0,2,0,5,0,1,1,0,0,-5,4,0,0,0,-3,0,-5,1,0,0,0,1,0,0,0,0,[(7, 3), (7, 3), (12, 8), (23, 19)]
-2,0,0,2,0,5,0,1,0,0,0,-5,5,0,0,1,-3,0,-5,0,0,0,0,1,0,0,0,0,[(7, 3), (7, 3), (23, 19), (19, 15)]
-2,0,0,2,0,5,0,1,0,0,0,-5,5,0,0,0,-3,0,-5,2,0,0,0,0,0,0,0,0,[(7, 3), (7, 3), (23, 19), (23, 19)]
-2,0,0,1,1,5,0,2,1,0,0,-5,3,0,0,0,-3,0,-5,0,0,0,0,2,0,0,0,0,[(7, 3), (12, 8), (8, 4), (12, 8)]
-2,0,0,1,1,5,0,2,0,0,0,-5,4,0,0,0,-3,0,-5,1,0,0,0,1,0,0,0,0,[(7, 3), (12, 8), (8, 4), (23, 19)]
-2,0,0,1,0,5,0,2,3,0,0,-5,2,0,0,0,-3,0,-5,0,0,0,0,2,0,0,0,0,[(7, 3), (12, 8), (12, 8), (12, 8)]
-2,0,0,1,0,5,0,2,2,0,0,-5,3,0,0,0,-3,0,-5,1,0,0,0,1,0,0,0,0,[(7, 3), (12, 8), (12, 8), (23, 19)]
-2,0,0,1,0,5,0,2,1,0,0,-5,4,0,0,1,-3,0,-5,0,0,0,0,1,0,0,0,0,[(7, 3), (12, 8), (23, 19), (19, 15)]
-2,0,0,1,0,5,0,2,1,0,0,-5,4,0,0,0,-3,0,-5,2,0,0,0,0,0,0,0,0,[(7, 3), (12, 8), (23, 19), (23, 19)]
-2,0,0,1,0,5,0,2,0,0,0,-5,5,0,0,1,-3,0,-5,1,0,0,0,0,0,0,0,0,[(7, 3), (23, 19), (19, 15), (23, 19)]
-2,0,0,0,1,5,0,3,2,0,0,-5,2,0,0,0,-3,0,-5,0,0,0,0,2,0,0,0,0,[(12, 8), (8, 4), (12, 8), (12, 8)]
-2,0,0,0,1,5,0,3,1,0,0,-5,3,0,0,0,-3,0,-5,1,0,0,0,1,0,0,0,0,[(12, 8), (8, 4), (12, 8), (23, 19)]
-2,0,0,0,1,5,0,3,0,0,0,-5,4,0,0,1,-3,0,-5,0,0,0,0,1,0,0,0,0,[(12, 8), (8, 4), (23, 19), (19, 15)]
-2,0,0,0,1,5,0,3,0,0,0,-5,4,0,0,0,-3,0,-5,2,0,0,0,0,0,0,0,0,[(12, 8), (8, 4), (23, 19), (23, 19)]
-2,0,0,0,0,5,0,3,4,0,0,-5,1,0,0,0,-3,0,-5,0,0,0,0,2,0,0,0,0,[(12, 8), (12, 8), (12, 8), (12, 8)]
-2,0,0,0,0,5,0,3,3,0,0,-5,2,0,0,0,-3,0,-5,1,0,0,0,1,0,0,0,0,[(12, 8), (12, 8), (12, 8), (23, 19)]
-2,0,0,0,0,5,0,3,2,0,0,-5,3,0,0,1,-3,0,-5,0,0,0,0,1,0,0,0,0,[(12, 8), (12, 8), (23, 19), (19, 15)]
-2,0,0,0,0,5,0,3,2,0,0,-5,3,0,0,0,-3,0,-5,2,0,0,0,0,0,0,0,0,[(12, 8), (12, 8), (23, 19), (23, 19)]
-2,0,0,0,0,5,0,3,1,0,0,-5,4,0,0,1,-3,0,-5,1,0,0,0,0,0,0,0,0,[(12, 8), (23, 19), (19, 15), (23, 19)]
-2,0,0,0,0,5,0,3,0,0,0,-5,5,0,0,2,-3,0,-5,0,0,0,0,0,0,0,0,0,[(23, 19), (19, 15), (23, 19), (19, 15)]
-2,1,0,0,0,4,0,4,0,0,0,-5,4,0,0,0,-3,0,-5,0,0,0,0,2,0,0,0,0,[(5, 1), (12, 7)]
-2,0,1,1,0,5,0,1,0,0,0,-5,5,0,0,0,-3,0,-5,0,0,0,0,2,0,0,0,0,[(7, 3), (7, 2)]
-2,0,1,0,0,5,0,2,1,0,0,-5,4,0,0,0,-3,0,-5,0,0,0,0,2,0,0,0,0,[(12, 8), (7, 2)]
-2,0,0,0,0,5,0,4,1,0,0,-5,3,0,0,0,-3,0,-5,0,0,0,0,2,0,0,0,0,[(12, 8), (12, 7)]
-2,0,1,0,0,5,0,2,0,0,0,-5,5,0,0,0,-3,0,-5,1,0,0,0,1,0,0,0,0,[(23, 19), (7, 2)]
-2,0,0,0,0,5,0,4,0,0,0,-5,4,0,0,0,-3,0,-5,1,0,0,0,1,0,0,0,0,[(23, 19), (12, 7)]
-2,2,0,0,0,4,0,2,0,0,0,-5,5,0,0,0,-3,0,-5,0,0,0,0,2,0,0,0,0,[(5, 1), (7, 1)],0.0102
-2,1,0,0,0,4,1,3,0,0,0,-5,4,0,0,0,-3,0,-5,0,0,0,0,2,0,0,0,0,[(5, 1), (12, 6)]
-2,1,0,0,0,4,0,3,0,0,0,-5,5,0,0,0,-3,1,-5,0,0,0,0,1,0,0,0,0,[(5, 1), (23, 17)]
-2,1,0,1,0,5,0,1,0,0,0,-5,5,0,0,0,-3,0,-5,0,0,0,0,2,0,0,0,0,[(7, 3), (7, 1)]
-2,0,0,1,0,5,1,2,0,0,0,-5,4,0,0,0,-3,0,-5,0,0,0,0,2,0,0,0,0,[(7, 3), (12, 6)]
-2,0,0,1,0,5,0,2,0,0,0,-5,5,0,0,0,-3,1,-5,0,0,0,0,1,0,0,0,0,[(7, 3), (23, 17)]
-2,1,0,0,0,5,0,2,1,0,0,-5,4,0,0,0,-3,0,-5,0,0,0,0,2,0,0,0,0,[(12, 8), (7, 1)]
-2,0,1,0,0,5,0,3,0,0,0,-5,4,0,0,0,-3,0,-5,0,0,0,0,2,0,0,0,0,[(12, 8), (8, 2)]
-2,0,0,0,0,5,1,3,1,0,0,-5,3,0,0,0,-3,0,-5,0,0,0,0,2,0,0,0,0,[(12, 8), (12, 6)]
-2,0,0,0,0,5,0,3,1,0,0,-5,4,0,0,0,-3,1,-5,0,0,0,0,1,0,0,0,0,[(12, 8), (23, 17)],0.0069
-2,1,0,0,0,5,0,2,0,0,0,-5,5,0,0,0,-3,0,-5,1,0,0,0,1,0,0,0,0,[(23, 19), (7, 1)]
-2,0,0,0,0,5,1,3,0,0,0,-5,4,0,0,0,-3,0,-5,1,0,0,0,1,0,0,0,0,[(23, 19), (12, 6)]
-2,0,0,0,0,5,0,3,0,0,0,-5,5,1,0,0,-3,0,-5,0,0,0,0,1,0,0,0,0,[(23, 19), (19, 13)],0.0003
-2,0,0,0,0,5,0,3,0,0,0,-5,5,0,0,0,-3,1,-5,1,0,0,0,0,0,0,0,0,[(23, 19), (23, 17)]
-2,0,3,0,0,5,0,1,0,0,0,-5,4,0,0,0,-3,0,-5,0,0,0,0,2,0,0,0,0,[(7, 2), (7, 2), (7, 2), (12, 7)]
-2,0,2,0,0,5,0,3,0,0,0,-5,3,0,0,0,-3,0,-5,0,0,0,0,2,0,0,0,0,[(7, 2), (7, 2), (12, 7), (12, 7)]
-2,0,1,0,0,5,0,5,0,0,0,-5,2,0,0,0,-3,0,-5,0,0,0,0,2,0,0,0,0,[(7, 2), (12, 7), (12, 7), (12, 7)]
-2,0,0,0,0,5,0,7,0,0,0,-5,1,0,0,0,-3,0,-5,0,0,0,0,2,0,0,0,0,[(12, 7), (12, 7), (12, 7), (12, 7)]
-2,1,1,0,0,5,0,1,0,0,0,-5,5,0,0,0,-3,0,-5,0,0,0,0,2,0,0,0,0,[(7, 2), (7, 1)]
-2,0,1,0,0,5,1,2,0,0,0,-5,4,0,0,0,-3,0,-5,0,0,0,0,2,0,0,0,0,[(7, 2), (12, 6)]
-2,0,1,0,0,5,0,2,0,0,0,-5,5,0,0,0,-3,1,-5,0,0,0,0,1,0,0,0,0,[(7, 2), (23, 17)]
-2,1,0,0,0,5,0,3,0,0,0,-5,4,0,0,0,-3,0,-5,0,0,0,0,2,0,0,0,0,[(12, 7), (7, 1)]
-2,0,0,0,0,5,1,4,0,0,0,-5,3,0,0,0,-3,0,-5,0,0,0,0,2,0,0,0,0,[(12, 7), (12, 6)]
-2,0,0,0,0,5,0,4,0,0,0,-5,4,0,0,0,-3,1,-5,0,0,0,0,1,0,0,0,0,[(12, 7), (23, 17)],0.0158
-2,0,0,0,0,5,0,3,0,0,0,-5,6,0,0,0,-3,0,-5,0,0,0,0,1,0,0,0,0,[(23, 17), (17, 12)],0.0545
-2,3,0,0,0,5,1,0,0,0,0,-5,4,0,0,0,-3,0,-5,0,0,0,0,2,0,0,0,0,[(7, 1), (7, 1), (7, 1), (12, 6)]
-2,3,0,0,0,5,0,0,0,0,0,-5,5,0,0,0,-3,1,-5,0,0,0,0,1,0,0,0,0,[(7, 1), (7, 1), (7, 1), (23, 17)]
-2,2,0,0,0,5,2,1,0,0,0,-5,3,0,0,0,-3,0,-5,0,0,0,0,2,0,0,0,0,[(7, 1), (7, 1), (12, 6), (12, 6)]
-2,2,0,0,0,5,1,1,0,0,0,-5,4,0,0,0,-3,1,-5,0,0,0,0,1,0,0,0,0,[(7, 1), (7, 1), (12, 6), (23, 17)]
-2,2,0,0,0,5,0,1,0,0,0,-5,5,0,0,0,-3,2,-5,0,0,0,0,0,0,0,0,0,[(7, 1), (7, 1), (23, 17), (23, 17)]
-2,1,0,0,0,5,3,2,0,0,0,-5,2,0,0,0,-3,0,-5,0,0,0,0,2,0,0,0,0,[(7, 1), (12, 6), (12, 6), (12, 6)]
-2,1,0,0,0,5,2,2,0,0,0,-5,3,0,0,0,-3,1,-5,0,0,0,0,1,0,0,0,0,[(7, 1), (12, 6), (12, 6), (23, 17)]
-2,1,0,0,0,5,1,2,0,0,0,-5,4,0,0,0,-3,2,-5,0,0,0,0,0,0,0,0,0,[(7, 1), (12, 6), (23, 17), (23, 17)]
-2,0,0,0,0,5,4,3,0,0,0,-5,1,0,0,0,-3,0,-5,0,0,0,0,2,0,0,0,0,[(12, 6), (12, 6), (12, 6), (12, 6)]
-2,0,0,0,0,5,3,3,0,0,0,-5,2,0,0,0,-3,1,-5,0,0,0,0,1,0,0,0,0,[(12, 6), (12, 6), (12, 6), (23, 17)]
