-2,1,0,0,0,4,0,3,0,0,0,-5,5,0,0,0,-3,0,-5,0,0,0,0,2,0,0,0,0,-0.05
-2,0,1,0,1,3,0,3,0,0,0,-5,5,0,0,0,-3,0,-5,0,0,0,0,2,0,0,0,0,-0.05
-2,0,1,0,0,4,1,2,0,0,0,-5,5,0,0,0,-3,0,-5,0,0,0,0,2,0,0,0,0,-0.05
-2,0,1,0,0,4,0,3,0,0,0,-5,5,0,0,0,-3,0,-5,0,0,0,1,1,0,0,0,0,-0.05
-2,0,0,2,0,3,0,3,0,0,0,-5,5,0,0,0,-3,0,-5,0,0,0,0,2,0,0,0,0,-0.05
-2,0,0,1,2,2,0,3,0,0,0,-5,5,0,0,0,-3,0,-5,0,0,0,0,2,0,0,0,0,-0.05
-2,0,0,1,1,3,1,2,0,0,0,-5,5,0,0,0,-3,0,-5,0,0,0,0,2,0,0,0,0,-0.05
-2,0,0,1,1,3,0,3,0,0,0,-5,5,0,0,0,-3,0,-5,0,0,0,1,1,0,0,0,0,-0.05
-2,0,0,1,0,5,0,2,0,0,0,-5,5,0,0,0,-3,0,-5,0,0,0,0,2,0,0,0,0,-0.05
-2,0,0,1,0,4,2,1,0,0,0,-5,5,0,0,0,-3,0,-5,0,0,0,0,2,0,0,0,0,-0.05
-2,0,0,1,0,4,1,2,0,0,0,-5,5,0,0,0,-3,0,-5,0,0,0,1,1,0,0,0,0,-0.05
-2,0,0,1,0,4,0,3,0,0,0,-5,5,0,0,0,-3,0,-5,0,0,1,0,1,0,0,0,0,-0.05
-2,0,0,1,0,4,0,3,0,0,0,-5,5,0,0,0,-3,0,-5,0,0,0,2,0,0,0,0,0,-0.05
-2,0,0,0,4,1,0,3,0,0,0,-5,5,0,0,0,-3,0,-5,0,0,0,0,2,0,0,0,0,-0.05
-2,0,0,0,3,2,1,2,0,0,0,-5,5,0,0,0,-3,0,-5,0,0,0,0,2,0,0,0,0,-0.05
-2,0,0,0,3,2,0,3,0,0,0,-5,5,0,0,0,-3,0,-5,0,0,0,1,1,0,0,0,0,-0.05
-2,0,0,0,2,4,0,2,0,0,0,-5,5,0,0,0,-3,0,-5,0,0,0,0,2,0,0,0,0,0.167
-2,0,0,0,2,3,2,1,0,0,0,-5,5,0,0,0,-3,0,-5,0,0,0,0,2,0,0,0,0,-0.05
-2,0,0,0,2,3,1,2,0,0,0,-5,5,0,0,0,-3,0,-5,0,0,0,1,1,0,0,0,0,-0.05
-2,0,0,0,2,3,0,3,0,0,0,-5,5,0,0,0,-3,0,-5,0,0,1,0,1,0,0,0,0,-0.05
-2,0,0,0,2,3,0,3,0,0,0,-5,5,0,0,0,-3,0,-5,0,0,0,2,0,0,0,0,0,-0.05
-2,0,0,0,1,5,1,1,0,0,0,-5,5,0,0,0,-3,0,-5,0,0,0,0,2,0,0,0,0,-0.05
-2,0,0,0,1,5,0,2,0,0,0,-5,5,0,0,0,-3,0,-5,0,0,0,1,1,0,0,0,0,-0.05
-2,0,0,0,1,4,3,0,0,0,0,-5,5,0,0,0,-3,0,-5,0,0,0,0,2,0,0,0,0,-0.05
-2,0,0,0,1,4,2,1,0,0,0,-5,5,0,0,0,-3,0,-5,0,0,0,1,1,0,0,0,0,-0.05
-2,0,0,0,1,4,1,2,0,0,0,-5,5,0,0,0,-3,0,-5,0,0,1,0,1,0,0,0,0,-0.05
-2,0,0,0,1,4,1,2,0,0,0,-5,5,0,0,0,-3,0,-5,0,0,0,2,0,0,0,0,0,-0.05
-2,0,0,0,1,4,0,3,0,0,0,-5,5,0,0,0,-3,0,-5,0,1,0,0,1,0,0,0,0,-0.05
-2,0,0,0,1,4,0,3,0,0,0,-5,5,0,0,0,-3,0,-5,0,0,1,1,0,0,0,0,0,-0.05
-2,0,0,0,0,7,0,1,0,0,0,-5,5,0,0,0,-3,0,-5,0,0,0,0,2,0,0,0,0,-0.05
-2,0,0,0,0,6,2,0,0,0,0,-5,5,0,0,0,-3,0,-5,0,0,0,0,2,0,0,0,0,-0.05
-2,0,0,0,0,6,1,1,0,0,0,-5,5,0,0,0,-3,0,-5,0,0,0,1,1,0,0,0,0,-0.05
-2,0,0,0,0,6,0,2,0,0,0,-5,5,0,0,0,-3,0,-5,0,0,1,0,1,0,0,0,0,-0.05
-2,0,0,0,0,6,0,2,0,0,0,-5,5,0,0,0,-3,0,-5,0,0,0,2,0,0,0,0,0,-0.05
-2,0,0,0,0,5,3,0,0,0,0,-5,5,0,0,0,-3,0,-5,0,0,0,1,1,0,0,0,0,-0.05
-2,0,0,0,0,5,2,1,0,0,0,-5,5,0,0,0,-3,0,-5,0,0,1,0,1,0,0,0,0,-0.05
-2,0,0,0,0,5,2,1,0,0,0,-5,5,0,0,0,-3,0,-5,0,0,0,2,0,0,0,0,0,-0.05
-2,0,0,0,0,5,1,2,0,0,0,-5,5,0,0,0,-3,0,-5,0,1,0,0,1,0,0,0,0,-0.05
-2,0,0,0,0,5,1,2,0,0,0,-5,5,0,0,0,-3,0,-5,0,0,1,1,0,0,0,0,0,-0.05
-2,0,0,0,0,5,0,3,0,0,0,-5,5,0,0,0,-3,0,-5,1,0,0,0,1,0,0,0,0,-0.05
-2,0,0,0,0,5,0,3,0,0,0,-5,5,0,0,0,-3,0,-5,0,1,0,1,0,0,0,0,0,-0.05
-2,0,0,0,0,5,0,3,0,0,0,-5,5,0,0,0,-3,0,-5,0,0,2,0,0,0,0,0,0,-0.05
-2,0,1,0,0,4,0,3,0,0,0,-5,5,0,0,0,-3,0,-5,0,0,0,0,2,0,0,0,0,-0.05
-2,0,0,1,1,3,0,3,0,0,0,-5,5,0,0,0,-3,0,-5,0,0,0,0,2,0,0,0,0,-0.05
-2,0,0,0,1,5,0,2,0,0,0,-5,5,0,0,0,-3,0,-5,0,0,0,0,2,0,0,0,0,-0.05
-2,0,0,0,1,4,0,3,0,0,1,-5,4,0,0,0,-3,0,-5,0,0,0,0,2,0,0,0,0,0.0088
-2,0,0,0,1,4,0,3,0,0,0,-5,5,0,0,0,-3,0,-5,0,0,1,0,1,0,0,0,0,-0.05
-2,0,0,1,0,4,1,2,0,0,0,-5,5,0,0,0,-3,0,-5,0,0,0,0,2,0,0,0,0,-0.05
-2,0,0,0,0,6,1,1,0,0,0,-5,5,0,0,0,-3,0,-5,0,0,0,0,2,0,0,0,0,-0.05
-2,0,0,0,0,5,1,2,0,0,1,-5,4,0,0,0,-3,0,-5,0,0,0,0,2,0,0,0,0,-0.05
-2,0,0,0,0,5,1,2,0,0,0,-5,5,0,0,0,-3,0,-5,0,0,1,0,1,0,0,0,0,-0.05
-2,0,0,1,0,4,0,3,0,0,0,-5,5,0,0,0,-3,0,-5,0,0,0,1,1,0,0,0,0,-0.05
-2,0,0,0,0,6,0,2,0,0,0,-5,5,0,0,0,-3,0,-5,0,0,0,1,1,0,0,0,0,-0.05
-2,0,0,0,0,5,0,3,0,0,1,-5,4,0,0,0,-3,0,-5,0,0,0,1,1,0,0,0,0, 0.0045
-2,0,0,0,0,5,0,3,0,0,0,-5,5,0,0,0,-3,0,-5,0,1,0,0,1,0,0,0,0,-0.0226
-2,0,0,0,0,5,0,3,0,0,0,-5,5,0,0,0,-3,0,-5,0,0,1,1,0,0,0,0,0,-0.0382
-2,0,0,0,0,5,0,3,0,1,0,-5,4,0,0,0,-3,0,-5,0,0,0,0,2,0,0,0,0,0.0256
-2,0,0,0,1,4,0,3,0,1,0,-5,4,0,0,0,-3,0,-5,0,0,0,0,2,0,0,0,0,-0.05
-2,0,0,0,0,5,1,2,0,1,0,-5,4,0,0,0,-3,0,-5,0,0,0,0,2,0,0,0,0,-0.05
-2,0,0,0,0,5,0,3,0,1,0,-5,4,0,0,0,-3,0,-5,0,0,0,1,1,0,0,0,0,-0.05
-2,0,0,0,0,5,0,3,1,0,0,-5,4,0,0,0,-3,0,-5,0,0,0,0,2,0,0,0,0,-0.05
-2,1,0,0,1,3,0,3,0,0,0,-5,5,0,0,0,-3,0,-5,0,0,0,0,2,0,0,0,0,-0.05
-2,0,0,1,1,4,0,2,0,0,0,-5,5,0,0,0,-3,0,-5,0,0,0,0,2,0,0,0,0,-0.05
-2,0,0,0,1,4,0,3,1,0,0,-5,4,0,0,0,-3,0,-5,0,0,0,0,2,0,0,0,0,-0.0063
-2,0,0,0,1,4,0,3,0,0,0,-5,5,0,0,0,-3,0,-5,1,0,0,0,1,0,0,0,0,-0.05
-2,1,0,0,0,4,1,2,0,0,0,-5,5,0,0,0,-3,0,-5,0,0,0,0,2,0,0,0,0,-0.05
-2,0,1,0,0,5,0,2,0,0,0,-5,5,0,0,0,-3,0,-5,0,0,0,0,2,0,0,0,0,-0.05
-2,0,0,1,0,5,1,1,0,0,0,-5,5,0,0,0,-3,0,-5,0,0,0,0,2,0,0,0,0,-0.05
-2,0,0,0,0,5,1,2,1,0,0,-5,4,0,0,0,-3,0,-5,0,0,0,0,2,0,0,0,0,-0.05
-2,0,0,0,0,5,1,2,0,0,0,-5,5,0,0,0,-3,0,-5,1,0,0,0,1,0,0,0,0,-0.0406
-2,1,0,0,0,4,0,3,0,0,0,-5,5,0,0,0,-3,0,-5,0,0,0,1,1,0,0,0,0,-0.05
-2,0,0,1,0,5,0,2,0,0,0,-5,5,0,0,0,-3,0,-5,0,0,0,1,1,0,0,0,0,-0.05
-2,0,0,0,0,5,0,3,1,0,0,-5,4,0,0,0,-3,0,-5,0,0,0,1,1,0,0,0,0,0.0024
-2,0,0,0,0,5,0,3,0,0,0,-5,5,0,0,0,-3,0,-5,1,0,0,1,0,0,0,0,0,-0.0318
-2,0,0,0,0,5,0,4,0,0,0,-5,4,0,0,0,-3,0,-5,0,0,0,0,2,0,0,0,0,-0.348
-2,0,1,0,1,4,0,2,0,0,0,-5,5,0,0,0,-3,0,-5,0,0,0,0,2,0,0,0,0,-0.05
-2,0,0,0,1,4,0,4,0,0,0,-5,4,0,0,0,-3,0,-5,0,0,0,0,2,0,0,0,0,-0.0031
-2,1,0,0,0,5,0,2,0,0,0,-5,5,0,0,0,-3,0,-5,0,0,0,0,2,0,0,0,0,-0.05
-2,0,1,0,0,5,1,1,0,0,0,-5,5,0,0,0,-3,0,-5,0,0,0,0,2,0,0,0,0,-0.05
-2,0,0,0,0,5,1,3,0,0,0,-5,4,0,0,0,-3,0,-5,0,0,0,0,2,0,0,0,0,-0.05
-2,0,1,0,0,5,0,2,0,0,0,-5,5,0,0,0,-3,0,-5,0,0,0,1,1,0,0,0,0,-0.05
-2,0,0,0,0,5,0,4,0,0,0,-5,4,0,0,0,-3,0,-5,0,0,0,1,1,0,0,0,0,0.0056
-2,0,0,0,0,5,0,3,0,0,0,-5,5,0,0,0,-3,1,-5,0,0,0,0,1,0,0,0,0,-0.0321
-2,1,0,0,1,4,0,2,0,0,0,-5,5,0,0,0,-3,0,-5,0,0,0,0,2,0,0,0,0,-0.05
-2,0,0,0,1,4,1,3,0,0,0,-5,4,0,0,0,-3,0,-5,0,0,0,0,2,0,0,0,0,-0.05
-2,0,0,0,1,4,0,3,0,0,0,-5,5,0,0,0,-3,1,-5,0,0,0,0,1,0,0,0,0,-0.05
-2,1,0,0,0,5,1,1,0,0,0,-5,5,0,0,0,-3,0,-5,0,0,0,0,2,0,0,0,0,-0.05
-2,0,0,0,0,5,2,2,0,0,0,-5,4,0,0,0,-3,0,-5,0,0,0,0,2,0,0,0,0,0.1035
-2,0,0,0,0,5,1,2,0,0,0,-5,5,0,0,0,-3,1,-5,0,0,0,0,1,0,0,0,0,-0.05
-2,1,0,0,0,5,0,2,0,0,0,-5,5,0,0,0,-3,0,-5,0,0,0,1,1,0,0,0,0,-0.05
-2,0,0,0,0,5,1,3,0,0,0,-5,4,0,0,0,-3,0,-5,0,0,0,1,1,0,0,0,0,-0.05
-2,0,0,0,0,5,0,3,0,0,0,-5,5,0,0,0,-3,1,-5,0,0,0,1,0,0,0,0,0,-0.05
-2,0,0,0,0,6,0,3,0,0,0,-5,4,0,0,0,-3,0,-5,0,0,0,0,2,0,0,0,0,-0.05
-2,2,0,0,0,3,0,3,0,0,0,-5,5,0,0,0,-3,0,-5,0,0,0,0,2,0,0,0,0,-0.05
-2,1,0,2,0,2,0,3,0,0,0,-5,5,0,0,0,-3,0,-5,0,0,0,0,2,0,0,0,0,-0.05
-2,1,0,1,0,4,0,2,0,0,0,-5,5,0,0,0,-3,0,-5,0,0,0,0,2,0,0,0,0,-0.05
-2,1,0,1,0,3,0,3,0,0,1,-5,4,0,0,0,-3,0,-5,0,0,0,0,2,0,0,0,0,-0.05
-2,1,0,1,0,3,0,3,0,0,0,-5,5,0,0,0,-3,0,-5,0,0,1,0,1,0,0,0,0,-0.05
-2,1,0,0,0,6,0,1,0,0,0,-5,5,0,0,0,-3,0,-5,0,0,0,0,2,0,0,0,0,-0.05
-2,1,0,0,0,5,0,2,0,0,1,-5,4,0,0,0,-3,0,-5,0,0,0,0,2,0,0,0,0,-0.05
-2,1,0,0,0,5,0,2,0,0,0,-5,5,0,0,0,-3,0,-5,0,0,1,0,1,0,0,0,0,-0.05
-2,1,0,0,0,4,0,3,1,0,0,-5,4,0,0,0,-3,0,-5,0,0,0,0,2,0,0,0,0,-0.05
-2,1,0,0,0,4,0,3,0,0,2,-5,3,0,0,0,-3,0,-5,0,0,0,0,2,0,0,0,0,-0.05
-2,1,0,0,0,4,0,3,0,0,1,-5,4,0,0,0,-3,0,-5,0,0,1,0,1,0,0,0,0,-0.05
-2,1,0,0,0,4,0,3,0,0,0,-5,5,0,0,0,-3,0,-5,1,0,0,0,1,0,0,0,0,-0.05
-2,1,0,0,0,4,0,3,0,0,0,-5,5,0,0,0,-3,0,-5,0,0,2,0,0,0,0,0,0,-0.05
-2,0,0,4,0,1,0,3,0,0,0,-5,5,0,0,0,-3,0,-5,0,0,0,0,2,0,0,0,0,-0.05
-2,0,0,3,0,3,0,2,0,0,0,-5,5,0,0,0,-3,0,-5,0,0,0,0,2,0,0,0,0,-0.05
-2,0,0,3,0,2,0,3,0,0,1,-5,4,0,0,0,-3,0,-5,0,0,0,0,2,0,0,0,0,-0.05
-2,0,0,3,0,2,0,3,0,0,0,-5,5,0,0,0,-3,0,-5,0,0,1,0,1,0,0,0,0,-0.05
-2,0,0,2,0,5,0,1,0,0,0,-5,5,0,0,0,-3,0,-5,0,0,0,0,2,0,0,0,0,-0.05
-2,0,0,2,0,4,0,2,0,0,1,-5,4,0,0,0,-3,0,-5,0,0,0,0,2,0,0,0,0,-0.05
-2,0,0,2,0,4,0,2,0,0,0,-5,5,0,0,0,-3,0,-5,0,0,1,0,1,0,0,0,0,-0.05
-2,0,0,2,0,3,0,3,1,0,0,-5,4,0,0,0,-3,0,-5,0,0,0,0,2,0,0,0,0,-0.05
-2,0,0,2,0,3,0,3,0,0,2,-5,3,0,0,0,-3,0,-5,0,0,0,0,2,0,0,0,0,-0.05
-2,0,0,2,0,3,0,3,0,0,1,-5,4,0,0,0,-3,0,-5,0,0,1,0,1,0,0,0,0,-0.05
-2,0,0,2,0,3,0,3,0,0,0,-5,5,0,0,0,-3,0,-5,1,0,0,0,1,0,0,0,0,-0.05
-2,0,0,2,0,3,0,3,0,0,0,-5,5,0,0,0,-3,0,-5,0,0,2,0,0,0,0,0,0,-0.05
-2,0,0,1,0,7,0,0,0,0,0,-5,5,0,0,0,-3,0,-5,0,0,0,0,2,0,0,0,0,-0.05
-2,0,0,1,0,6,0,1,0,0,1,-5,4,0,0,0,-3,0,-5,0,0,0,0,2,0,0,0,0,-0.05
-2,0,0,1,0,6,0,1,0,0,0,-5,5,0,0,0,-3,0,-5,0,0,1,0,1,0,0,0,0,-0.05
-2,0,0,1,0,5,0,2,1,0,0,-5,4,0,0,0,-3,0,-5,0,0,0,0,2,0,0,0,0,-0.05
-2,0,0,1,0,5,0,2,0,0,2,-5,3,0,0,0,-3,0,-5,0,0,0,0,2,0,0,0,0,-0.05
-2,0,0,1,0,5,0,2,0,0,1,-5,4,0,0,0,-3,0,-5,0,0,1,0,1,0,0,0,0,-0.05
-2,0,0,1,0,5,0,2,0,0,0,-5,5,0,0,0,-3,0,-5,1,0,0,0,1,0,0,0,0,-0.05
-2,0,0,1,0,5,0,2,0,0,0,-5,5,0,0,0,-3,0,-5,0,0,2,0,0,0,0,0,0,-0.05
-2,0,0,1,0,4,1,3,0,0,0,-5,4,0,0,0,-3,0,-5,0,0,0,0,2,0,0,0,0,-0.05
-2,0,0,1,0,4,0,3,1,0,1,-5,3,0,0,0,-3,0,-5,0,0,0,0,2,0,0,0,0,-0.05
-2,0,0,1,0,4,0,3,1,0,0,-5,4,0,0,0,-3,0,-5,0,0,1,0,1,0,0,0,0,-0.05
-2,0,0,1,0,4,0,3,0,0,3,-5,2,0,0,0,-3,0,-5,0,0,0,0,2,0,0,0,0,-0.05
-2,0,0,1,0,4,0,3,0,0,2,-5,3,0,0,0,-3,0,-5,0,0,1,0,1,0,0,0,0,-0.05
-2,0,0,1,0,4,0,3,0,0,1,-5,4,0,0,0,-3,0,-5,1,0,0,0,1,0,0,0,0,-0.05
-2,0,0,1,0,4,0,3,0,0,1,-5,4,0,0,0,-3,0,-5,0,0,2,0,0,0,0,0,0,-0.05
-2,0,0,1,0,4,0,3,0,0,0,-5,5,0,0,0,-3,1,-5,0,0,0,0,1,0,0,0,0,-0.05
-2,0,0,1,0,4,0,3,0,0,0,-5,5,0,0,0,-3,0,-5,1,0,1,0,0,0,0,0,0,-0.05
-2,0,0,0,0,8,0,0,0,0,1,-5,4,0,0,0,-3,0,-5,0,0,0,0,2,0,0,0,0,-0.05
-2,0,0,0,0,8,0,0,0,0,0,-5,5,0,0,0,-3,0,-5,0,0,1,0,1,0,0,0,0,-0.05
-2,0,0,0,0,7,0,1,1,0,0,-5,4,0,0,0,-3,0,-5,0,0,0,0,2,0,0,0,0,-0.05
-2,0,0,0,0,7,0,1,0,0,2,-5,3,0,0,0,-3,0,-5,0,0,0,0,2,0,0,0,0,-0.05
-2,0,0,0,0,7,0,1,0,0,1,-5,4,0,0,0,-3,0,-5,0,0,1,0,1,0,0,0,0,-0.05
-2,0,0,0,0,7,0,1,0,0,0,-5,5,0,0,0,-3,0,-5,1,0,0,0,1,0,0,0,0,-0.05
-2,0,0,0,0,7,0,1,0,0,0,-5,5,0,0,0,-3,0,-5,0,0,2,0,0,0,0,0,0,-0.05
-2,0,0,0,0,6,1,2,0,0,0,-5,4,0,0,0,-3,0,-5,0,0,0,0,2,0,0,0,0,-0.05
-2,0,0,0,0,6,0,2,1,0,1,-5,3,0,0,0,-3,0,-5,0,0,0,0,2,0,0,0,0,-0.05
-2,0,0,0,0,6,0,2,1,0,0,-5,4,0,0,0,-3,0,-5,0,0,1,0,1,0,0,0,0,-0.05
-2,0,0,0,0,6,0,2,0,0,3,-5,2,0,0,0,-3,0,-5,0,0,0,0,2,0,0,0,0,-0.05
-2,0,0,0,0,6,0,2,0,0,2,-5,3,0,0,0,-3,0,-5,0,0,1,0,1,0,0,0,0,-0.05
-2,0,0,0,0,6,0,2,0,0,1,-5,4,0,0,0,-3,0,-5,1,0,0,0,1,0,0,0,0,-0.05
-2,0,0,0,0,6,0,2,0,0,1,-5,4,0,0,0,-3,0,-5,0,0,2,0,0,0,0,0,0,-0.05
-2,0,0,0,0,6,0,2,0,0,0,-5,5,0,0,0,-3,1,-5,0,0,0,0,1,0,0,0,0,-0.05
-2,0,0,0,0,6,0,2,0,0,0,-5,5,0,0,0,-3,0,-5,1,0,1,0,0,0,0,0,0,-0.05
-2,0,0,0,1,5,0,3,0,0,0,-5,4,0,0,0,-3,0,-5,0,0,0,0,2,0,0,0,0,-0.05
-2,0,0,0,0,5,1,3,0,0,1,-5,3,0,0,0,-3,0,-5,0,0,0,0,2,0,0,0,0,-0.05
-2,0,0,0,0,5,1,3,0,0,0,-5,4,0,0,0,-3,0,-5,0,0,1,0,1,0,0,0,0,-0.05
-2,0,0,0,0,5,0,3,2,0,0,-5,3,0,0,0,-3,0,-5,0,0,0,0,2,0,0,0,0,-0.05
-2,0,0,0,0,5,0,3,1,0,2,-5,2,0,0,0,-3,0,-5,0,0,0,0,2,0,0,0,0,-0.05
-2,0,0,0,0,5,0,3,1,0,1,-5,3,0,0,0,-3,0,-5,0,0,1,0,1,0,0,0,0,-0.05
-2,0,0,0,0,5,0,3,1,0,0,-5,4,0,0,0,-3,0,-5,1,0,0,0,1,0,0,0,0,-0.05
-2,0,0,0,0,5,0,3,1,0,0,-5,4,0,0,0,-3,0,-5,0,0,2,0,0,0,0,0,0,-0.05
-2,0,0,0,0,5,0,3,0,0,4,-5,1,0,0,0,-3,0,-5,0,0,0,0,2,0,0,0,0,-0.05
-2,0,0,0,0,5,0,3,0,0,3,-5,2,0,0,0,-3,0,-5,0,0,1,0,1,0,0,0,0,-0.05
-2,0,0,0,0,5,0,3,0,0,2,-5,3,0,0,0,-3,0,-5,1,0,0,0,1,0,0,0,0,-0.05
-2,0,0,0,0,5,0,3,0,0,2,-5,3,0,0,0,-3,0,-5,0,0,2,0,0,0,0,0,0,-0.05
-2,0,0,0,0,5,0,3,0,0,1,-5,4,0,0,0,-3,1,-5,0,0,0,0,1,0,0,0,0,-0.05
-2,0,0,0,0,5,0,3,0,0,1,-5,4,0,0,0,-3,0,-5,1,0,1,0,0,0,0,0,0,-0.05
-2,0,0,0,0,5,0,3,0,0,0,-5,5,0,0,1,-3,0,-5,0,0,0,0,1,0,0,0,0,-0.05
-2,0,0,0,0,5,0,3,0,0,0,-5,5,0,0,0,-3,1,-5,0,0,1,0,0,0,0,0,0,-0.05
-2,0,0,0,0,5,0,3,0,0,0,-5,5,0,0,0,-3,0,-5,2,0,0,0,0,0,0,0,0,-0.05
-2,0,1,1,0,3,0,3,0,0,0,-5,5,0,0,0,-3,0,-5,0,0,0,0,2,0,0,0,0,-0.05
-2,0,0,1,0,4,0,3,0,1,0,-5,4,0,0,0,-3,0,-5,0,0,0,0,2,0,0,0,0,-0.0279
-2,0,0,1,0,4,0,3,0,0,0,-5,5,0,0,0,-3,0,-5,0,1,0,0,1,0,0,0,0,-0.05
-2,0,0,0,1,6,0,1,0,0,0,-5,5,0,0,0,-3,0,-5,0,0,0,0,2,0,0,0,0,-0.05
-2,0,0,0,0,6,0,2,0,1,0,-5,4,0,0,0,-3,0,-5,0,0,0,0,2,0,0,0,0,-0.05
-2,0,0,0,0,6,0,2,0,0,0,-5,5,0,0,0,-3,0,-5,0,1,0,0,1,0,0,0,0,-0.05
-2,0,1,0,0,4,0,3,0,0,1,-5,4,0,0,0,-3,0,-5,0,0,0,0,2,0,0,0,0,-0.05
-2,0,0,0,1,5,0,2,0,0,1,-5,4,0,0,0,-3,0,-5,0,0,0,0,2,0,0,0,0,-0.05
-2,0,0,0,0,5,0,3,0,1,1,-5,3,0,0,0,-3,0,-5,0,0,0,0,2,0,0,0,0,0.0053
-2,0,0,0,0,5,0,3,0,0,1,-5,4,0,0,0,-3,0,-5,0,1,0,0,1,0,0,0,0,0.0052
-2,0,1,0,0,4,0,3,0,0,0,-5,5,0,0,0,-3,0,-5,0,0,1,0,1,0,0,0,0,-0.05
-2,0,0,0,1,5,0,2,0,0,0,-5,5,0,0,0,-3,0,-5,0,0,1,0,1,0,0,0,0,-0.05
-2,0,0,0,0,5,0,3,0,1,0,-5,4,0,0,0,-3,0,-5,0,0,1,0,1,0,0,0,0,-0.0006
-2,0,0,0,0,5,0,3,0,0,0,-5,5,0,0,0,-3,0,-5,0,1,1,0,0,0,0,0,0,-0.028
-2,1,0,1,0,3,0,3,0,0,0,-5,5,0,0,0,-3,0,-5,0,0,0,0,2,0,0,0,0,-0.05
-2,0,0,2,0,4,0,2,0,0,0,-5,5,0,0,0,-3,0,-5,0,0,0,0,2,0,0,0,0,0.1234
-2,0,0,1,0,4,0,3,1,0,0,-5,4,0,0,0,-3,0,-5,0,0,0,0,2,0,0,0,0,-0.05
-2,0,0,1,0,4,0,3,0,0,0,-5,5,0,0,0,-3,0,-5,1,0,0,0,1,0,0,0,0,-0.05
-2,0,0,1,0,6,0,1,0,0,0,-5,5,0,0,0,-3,0,-5,0,0,0,0,2,0,0,0,0,-0.05
-2,0,0,0,0,6,0,2,1,0,0,-5,4,0,0,0,-3,0,-5,0,0,0,0,2,0,0,0,0,-0.05
-2,0,0,0,0,6,0,2,0,0,0,-5,5,0,0,0,-3,0,-5,1,0,0,0,1,0,0,0,0,-0.05
-2,1,0,0,0,4,0,3,0,0,1,-5,4,0,0,0,-3,0,-5,0,0,0,0,2,0,0,0,0,-0.05
-2,0,0,1,0,5,0,2,0,0,1,-5,4,0,0,0,-3,0,-5,0,0,0,0,2,0,0,0,0,-0.05
-2,0,0,0,0,5,0,3,1,0,1,-5,3,0,0,0,-3,0,-5,0,0,0,0,2,0,0,0,0,-0.05
-2,0,0,0,0,5,0,3,0,0,1,-5,4,0,0,0,-3,0,-5,1,0,0,0,1,0,0,0,0,-0.05
-2,1,0,0,0,4,0,3,0,0,0,-5,5,0,0,0,-3,0,-5,0,0,1,0,1,0,0,0,0,-0.05
-2,0,0,1,0,5,0,2,0,0,0,-5,5,0,0,0,-3,0,-5,0,0,1,0,1,0,0,0,0,-0.05
-2,0,0,0,0,5,0,3,1,0,0,-5,4,0,0,0,-3,0,-5,0,0,1,0,1,0,0,0,0,-0.05
-2,0,0,0,0,5,0,3,0,0,0,-5,5,0,0,0,-3,0,-5,1,0,1,0,0,0,0,0,0,-0.05
-2,0,1,1,0,4,0,2,0,0,0,-5,5,0,0,0,-3,0,-5,0,0,0,0,2,0,0,0,0,-0.05
-2,0,0,1,0,4,0,4,0,0,0,-5,4,0,0,0,-3,0,-5,0,0,0,0,2,0,0,0,0,-0.0276
-2,0,1,0,0,6,0,1,0,0,0,-5,5,0,0,0,-3,0,-5,0,0,0,0,2,0,0,0,0,-0.05
-2,0,1,0,0,5,0,2,0,0,1,-5,4,0,0,0,-3,0,-5,0,0,0,0,2,0,0,0,0,-0.05
-2,0,0,0,0,5,0,4,0,0,1,-5,3,0,0,0,-3,0,-5,0,0,0,0,2,0,0,0,0,-0.0023
-2,0,1,0,0,5,0,2,0,0,0,-5,5,0,0,0,-3,0,-5,0,0,1,0,1,0,0,0,0,-0.05
-2,0,0,0,0,5,0,4,0,0,0,-5,4,0,0,0,-3,0,-5,0,0,1,0,1,0,0,0,0,0.0032
-2,0,4,0,0,1,0,3,0,0,0,-5,5,0,0,0,-3,0,-5,0,0,0,0,2,0,0,0,0,-0.05
-2,0,3,0,1,2,0,2,0,0,0,-5,5,0,0,0,-3,0,-5,0,0,0,0,2,0,0,0,0,-0.05
-2,0,3,0,0,2,0,3,0,1,0,-5,4,0,0,0,-3,0,-5,0,0,0,0,2,0,0,0,0,-0.05
-2,0,3,0,0,2,0,3,0,0,0,-5,5,0,0,0,-3,0,-5,0,1,0,0,1,0,0,0,0,-0.05
-2,1,2,0,0,3,0,2,0,0,0,-5,5,0,0,0,-3,0,-5,0,0,0,0,2,0,0,0,0,-0.05
-2,0,2,0,2,3,0,1,0,0,0,-5,5,0,0,0,-3,0,-5,0,0,0,0,2,0,0,0,0,-0.05
-2,0,2,0,1,3,0,2,0,1,0,-5,4,0,0,0,-3,0,-5,0,0,0,0,2,0,0,0,0,-0.05
-2,0,2,0,1,3,0,2,0,0,0,-5,5,0,0,0,-3,0,-5,0,1,0,0,1,0,0,0,0,-0.05
-2,0,2,0,0,3,1,3,0,0,0,-5,4,0,0,0,-3,0,-5,0,0,0,0,2,0,0,0,0,-0.05
-2,0,2,0,0,3,0,3,0,2,0,-5,3,0,0,0,-3,0,-5,0,0,0,0,2,0,0,0,0,-0.05
-2,0,2,0,0,3,0,3,0,1,0,-5,4,0,0,0,-3,0,-5,0,1,0,0,1,0,0,0,0,-0.05
-2,0,2,0,0,3,0,3,0,0,0,-5,5,0,0,0,-3,1,-5,0,0,0,0,1,0,0,0,0,-0.05
-2,0,2,0,0,3,0,3,0,0,0,-5,5,0,0,0,-3,0,-5,0,2,0,0,0,0,0,0,0,-0.05
-2,1,1,0,1,4,0,1,0,0,0,-5,5,0,0,0,-3,0,-5,0,0,0,0,2,0,0,0,0,-0.05
-2,1,1,0,0,4,0,2,0,1,0,-5,4,0,0,0,-3,0,-5,0,0,0,0,2,0,0,0,0,-0.05
-2,1,1,0,0,4,0,2,0,0,0,-5,5,0,0,0,-3,0,-5,0,1,0,0,1,0,0,0,0,-0.05
-2,0,1,0,3,4,0,0,0,0,0,-5,5,0,0,0,-3,0,-5,0,0,0,0,2,0,0,0,0,-0.05
-2,0,1,0,2,4,0,1,0,1,0,-5,4,0,0,0,-3,0,-5,0,0,0,0,2,0,0,0,0,-0.05
-2,0,1,0,2,4,0,1,0,0,0,-5,5,0,0,0,-3,0,-5,0,1,0,0,1,0,0,0,0,-0.05
-2,0,1,0,1,4,1,2,0,0,0,-5,4,0,0,0,-3,0,-5,0,0,0,0,2,0,0,0,0,-0.05
-2,0,1,0,1,4,0,2,0,2,0,-5,3,0,0,0,-3,0,-5,0,0,0,0,2,0,0,0,0,-0.05
-2,0,1,0,1,4,0,2,0,1,0,-5,4,0,0,0,-3,0,-5,0,1,0,0,1,0,0,0,0,-0.05
-2,0,1,0,1,4,0,2,0,0,0,-5,5,0,0,0,-3,1,-5,0,0,0,0,1,0,0,0,0,-0.05
-2,0,1,0,1,4,0,2,0,0,0,-5,5,0,0,0,-3,0,-5,0,2,0,0,0,0,0,0,0,-0.05
-2,0,1,1,0,4,0,3,0,0,0,-5,4,0,0,0,-3,0,-5,0,0,0,0,2,0,0,0,0,-0.05
-2,0,1,0,0,4,1,3,0,1,0,-5,3,0,0,0,-3,0,-5,0,0,0,0,2,0,0,0,0,-0.05
-2,0,1,0,0,4,1,3,0,0,0,-5,4,0,0,0,-3,0,-5,0,1,0,0,1,0,0,0,0,-0.05
-2,0,1,0,0,4,0,3,0,3,0,-5,2,0,0,0,-3,0,-5,0,0,0,0,2,0,0,0,0,-0.05
-2,0,1,0,0,4,0,3,0,2,0,-5,3,0,0,0,-3,0,-5,0,1,0,0,1,0,0,0,0,-0.05
-2,0,1,0,0,4,0,3,0,1,0,-5,4,0,0,0,-3,1,-5,0,0,0,0,1,0,0,0,0,-0.05
-2,0,1,0,0,4,0,3,0,1,0,-5,4,0,0,0,-3,0,-5,0,2,0,0,0,0,0,0,0,-0.05
-2,0,1,0,0,4,0,3,0,0,0,-5,5,0,1,0,-3,0,-5,0,0,0,0,1,0,0,0,0,-0.05
-2,0,1,0,0,4,0,3,0,0,0,-5,5,0,0,0,-3,1,-5,0,1,0,0,0,0,0,0,0,-0.05
-2,2,0,0,0,5,0,1,0,0,0,-5,5,0,0,0,-3,0,-5,0,0,0,0,2,0,0,0,0,-0.05
-2,1,0,0,2,5,0,0,0,0,0,-5,5,0,0,0,-3,0,-5,0,0,0,0,2,0,0,0,0,-0.05
-2,1,0,0,1,5,0,1,0,1,0,-5,4,0,0,0,-3,0,-5,0,0,0,0,2,0,0,0,0,-0.05
-2,1,0,0,1,5,0,1,0,0,0,-5,5,0,0,0,-3,0,-5,0,1,0,0,1,0,0,0,0,-0.05
-2,1,0,0,0,5,1,2,0,0,0,-5,4,0,0,0,-3,0,-5,0,0,0,0,2,0,0,0,0,-0.05
-2,1,0,0,0,5,0,2,0,2,0,-5,3,0,0,0,-3,0,-5,0,0,0,0,2,0,0,0,0,-0.05
-2,1,0,0,0,5,0,2,0,1,0,-5,4,0,0,0,-3,0,-5,0,1,0,0,1,0,0,0,0,-0.05
-2,1,0,0,0,5,0,2,0,0,0,-5,5,0,0,0,-3,1,-5,0,0,0,0,1,0,0,0,0,-0.05
-2,1,0,0,0,5,0,2,0,0,0,-5,5,0,0,0,-3,0,-5,0,2,0,0,0,0,0,0,0,-0.05
-2,0,0,0,3,5,0,0,0,1,0,-5,4,0,0,0,-3,0,-5,0,0,0,0,2,0,0,0,0,-0.05
-2,0,0,0,3,5,0,0,0,0,0,-5,5,0,0,0,-3,0,-5,0,1,0,0,1,0,0,0,0,-0.05
-2,0,0,0,2,5,1,1,0,0,0,-5,4,0,0,0,-3,0,-5,0,0,0,0,2,0,0,0,0,-0.05
-2,0,0,0,2,5,0,1,0,2,0,-5,3,0,0,0,-3,0,-5,0,0,0,0,2,0,0,0,0,-0.05
-2,0,0,0,2,5,0,1,0,1,0,-5,4,0,0,0,-3,0,-5,0,1,0,0,1,0,0,0,0,-0.05
-2,0,0,0,2,5,0,1,0,0,0,-5,5,0,0,0,-3,1,-5,0,0,0,0,1,0,0,0,0,-0.05
-2,0,0,0,2,5,0,1,0,0,0,-5,5,0,0,0,-3,0,-5,0,2,0,0,0,0,0,0,0,-0.05
-2,0,0,1,1,5,0,2,0,0,0,-5,4,0,0,0,-3,0,-5,0,0,0,0,2,0,0,0,0,-0.05
-2,0,0,0,1,5,1,2,0,1,0,-5,3,0,0,0,-3,0,-5,0,0,0,0,2,0,0,0,0,-0.05
-2,0,0,0,1,5,1,2,0,0,0,-5,4,0,0,0,-3,0,-5,0,1,0,0,1,0,0,0,0,-0.05
-2,0,0,0,1,5,0,2,0,3,0,-5,2,0,0,0,-3,0,-5,0,0,0,0,2,0,0,0,0,-0.05
-2,0,0,0,1,5,0,2,0,2,0,-5,3,0,0,0,-3,0,-5,0,1,0,0,1,0,0,0,0,-0.05
-2,0,0,0,1,5,0,2,0,1,0,-5,4,0,0,0,-3,1,-5,0,0,0,0,1,0,0,0,0,-0.05
-2,0,0,0,1,5,0,2,0,1,0,-5,4,0,0,0,-3,0,-5,0,2,0,0,0,0,0,0,0,-0.05
-2,0,0,0,1,5,0,2,0,0,0,-5,5,0,1,0,-3,0,-5,0,0,0,0,1,0,0,0,0,-0.05
-2,0,0,0,1,5,0,2,0,0,0,-5,5,0,0,0,-3,1,-5,0,1,0,0,0,0,0,0,0,-0.05
-2,0,0,1,0,5,0,3,0,1,0,-5,3,0,0,0,-3,0,-5,0,0,0,0,2,0,0,0,0,-0.05
-2,0,0,1,0,5,0,3,0,0,0,-5,4,0,0,0,-3,0,-5,0,1,0,0,1,0,0,0,0,-0.05
-2,0,0,0,0,5,2,3,0,0,0,-5,3,0,0,0,-3,0,-5,0,0,0,0,2,0,0,0,0,-0.05
-2,0,0,0,0,5,1,3,0,2,0,-5,2,0,0,0,-3,0,-5,0,0,0,0,2,0,0,0,0,-0.05
-2,0,0,0,0,5,1,3,0,1,0,-5,3,0,0,0,-3,0,-5,0,1,0,0,1,0,0,0,0,-0.05
-2,0,0,0,0,5,1,3,0,0,0,-5,4,0,0,0,-3,1,-5,0,0,0,0,1,0,0,0,0,-0.05
-2,0,0,0,0,5,1,3,0,0,0,-5,4,0,0,0,-3,0,-5,0,2,0,0,0,0,0,0,0,-0.05
-2,0,0,0,0,5,0,3,0,4,0,-5,1,0,0,0,-3,0,-5,0,0,0,0,2,0,0,0,0,-0.05
-2,0,0,0,0,5,0,3,0,3,0,-5,2,0,0,0,-3,0,-5,0,1,0,0,1,0,0,0,0,-0.05
-2,0,0,0,0,5,0,3,0,2,0,-5,3,0,0,0,-3,1,-5,0,0,0,0,1,0,0,0,0,-0.05
-2,0,0,0,0,5,0,3,0,2,0,-5,3,0,0,0,-3,0,-5,0,2,0,0,0,0,0,0,0,-0.05
-2,0,0,0,0,5,0,3,0,1,0,-5,4,0,1,0,-3,0,-5,0,0,0,0,1,0,0,0,0,-0.05
-2,0,0,0,0,5,0,3,0,1,0,-5,4,0,0,0,-3,1,-5,0,1,0,0,0,0,0,0,0,-0.05
-2,0,0,0,0,5,0,3,0,0,0,-5,5,0,1,0,-3,0,-5,0,1,0,0,0,0,0,0,0,-0.05
-2,0,0,0,0,5,0,3,0,0,0,-5,5,0,0,0,-3,2,-5,0,0,0,0,0,0,0,0,0,-0.05
-2,1,1,0,0,3,0,3,0,0,0,-5,5,0,0,0,-3,0,-5,0,0,0,0,2,0,0,0,0,-0.05
-2,0,1,0,0,4,0,3,1,0,0,-5,4,0,0,0,-3,0,-5,0,0,0,0,2,0,0,0,0,-0.05
-2,0,1,0,0,4,0,3,0,0,0,-5,5,0,0,0,-3,0,-5,1,0,0,0,1,0,0,0,0,-0.05
-2,0,0,1,1,5,0,1,0,0,0,-5,5,0,0,0,-3,0,-5,0,0,0,0,2,0,0,0,0,-0.05
-2,0,0,0,1,5,0,2,1,0,0,-5,4,0,0,0,-3,0,-5,0,0,0,0,2,0,0,0,0,-0.05
-2,0,0,0,1,5,0,2,0,0,0,-5,5,0,0,0,-3,0,-5,1,0,0,0,1,0,0,0,0,-0.05
-2,1,0,0,0,4,0,3,0,1,0,-5,4,0,0,0,-3,0,-5,0,0,0,0,2,0,0,0,0,-0.05
-2,0,0,1,0,5,0,2,0,1,0,-5,4,0,0,0,-3,0,-5,0,0,0,0,2,0,0,0,0,-0.05
-2,0,0,0,0,5,0,3,1,1,0,-5,3,0,0,0,-3,0,-5,0,0,0,0,2,0,0,0,0,0.0125
-2,0,0,0,0,5,0,3,0,1,0,-5,4,0,0,0,-3,0,-5,1,0,0,0,1,0,0,0,0,0.0008
-2,1,0,0,0,4,0,3,0,0,0,-5,5,0,0,0,-3,0,-5,0,1,0,0,1,0,0,0,0,-0.05
-2,0,0,1,0,5,0,2,0,0,0,-5,5,0,0,0,-3,0,-5,0,1,0,0,1,0,0,0,0,-0.05
-2,0,0,0,0,5,0,3,1,0,0,-5,4,0,0,0,-3,0,-5,0,1,0,0,1,0,0,0,0,0.006
-2,0,0,0,0,5,0,3,0,0,0,-5,5,0,0,0,-3,0,-5,1,1,0,0,0,0,0,0,0,-0.012
-2,0,2,0,0,4,0,2,0,0,0,-5,5,0,0,0,-3,0,-5,0,0,0,0,2,0,0,0,0,0.0638
-2,0,1,0,0,4,0,4,0,0,0,-5,4,0,0,0,-3,0,-5,0,0,0,0,2,0,0,0,0,-0.05
-2,0,1,0,1,5,0,1,0,0,0,-5,5,0,0,0,-3,0,-5,0,0,0,0,2,0,0,0,0,-0.05
-2,0,1,0,0,5,0,2,0,1,0,-5,4,0,0,0,-3,0,-5,0,0,0,0,2,0,0,0,0,-0.05
-2,0,0,0,0,5,0,4,0,1,0,-5,3,0,0,0,-3,0,-5,0,0,0,0,2,0,0,0,0,0.0042
-2,0,1,0,0,5,0,2,0,0,0,-5,5,0,0,0,-3,0,-5,0,1,0,0,1,0,0,0,0,-0.05
-2,0,0,0,0,5,0,4,0,0,0,-5,4,0,0,0,-3,0,-5,0,1,0,0,1,0,0,0,0,0.0196
-2,1,1,0,0,4,0,2,0,0,0,-5,5,0,0,0,-3,0,-5,0,0,0,0,2,0,0,0,0,-0.05
-2,0,1,0,0,4,1,3,0,0,0,-5,4,0,0,0,-3,0,-5,0,0,0,0,2,0,0,0,0,-0.05
-2,0,1,0,0,4,0,3,0,0,0,-5,5,0,0,0,-3,1,-5,0,0,0,0,1,0,0,0,0,-0.05
-2,1,0,0,1,5,0,1,0,0,0,-5,5,0,0,0,-3,0,-5,0,0,0,0,2,0,0,0,0,-0.05
-2,0,0,0,1,5,1,2,0,0,0,-5,4,0,0,0,-3,0,-5,0,0,0,0,2,0,0,0,0,-0.05
-2,0,0,0,1,5,0,2,0,0,0,-5,5,0,0,0,-3,1,-5,0,0,0,0,1,0,0,0,0,-0.05
-2,1,0,0,0,5,0,2,0,1,0,-5,4,0,0,0,-3,0,-5,0,0,0,0,2,0,0,0,0,-0.05
-2,0,0,1,0,5,0,3,0,0,0,-5,4,0,0,0,-3,0,-5,0,0,0,0,2,0,0,0,0,-0.0344
-2,0,0,0,0,5,1,3,0,1,0,-5,3,0,0,0,-3,0,-5,0,0,0,0,2,0,0,0,0,-0.0462
-2,0,0,0,0,5,0,3,0,1,0,-5,4,0,0,0,-3,1,-5,0,0,0,0,1,0,0,0,0, 0.0072
-2,1,0,0,0,5,0,2,0,0,0,-5,5,0,0,0,-3,0,-5,0,1,0,0,1,0,0,0,0,-0.05
-2,0,0,0,0,5,1,3,0,0,0,-5,4,0,0,0,-3,0,-5,0,1,0,0,1,0,0,0,0,-0.0332
-2,0,0,0,0,5,0,3,0,0,0,-5,5,0,1,0,-3,0,-5,0,0,0,0,1,0,0,0,0,-0.0071
-2,0,0,0,0,5,0,3,0,0,0,-5,5,0,0,0,-3,1,-5,0,1,0,0,0,0,0,0,0,-0.05
-2,4,0,0,0,1,0,3,0,0,0,-5,5,0,0,0,-3,0,-5,0,0,0,0,2,0,0,0,0,-0.05
-2,3,0,1,0,2,0,2,0,0,0,-5,5,0,0,0,-3,0,-5,0,0,0,0,2,0,0,0,0,-0.05
-2,3,0,0,0,2,0,3,1,0,0,-5,4,0,0,0,-3,0,-5,0,0,0,0,2,0,0,0,0,-0.05
-2,3,0,0,0,2,0,3,0,0,0,-5,5,0,0,0,-3,0,-5,1,0,0,0,1,0,0,0,0,-0.05
-2,2,0,2,0,3,0,1,0,0,0,-5,5,0,0,0,-3,0,-5,0,0,0,0,2,0,0,0,0,-0.05
-2,2,0,1,0,3,0,2,1,0,0,-5,4,0,0,0,-3,0,-5,0,0,0,0,2,0,0,0,0,-0.05
-2,2,0,1,0,3,0,2,0,0,0,-5,5,0,0,0,-3,0,-5,1,0,0,0,1,0,0,0,0,-0.05
-2,2,0,0,1,3,0,3,0,0,0,-5,4,0,0,0,-3,0,-5,0,0,0,0,2,0,0,0,0,-0.05
-2,2,0,0,0,3,0,3,2,0,0,-5,3,0,0,0,-3,0,-5,0,0,0,0,2,0,0,0,0,-0.05
-2,2,0,0,0,3,0,3,1,0,0,-5,4,0,0,0,-3,0,-5,1,0,0,0,1,0,0,0,0,-0.05
-2,2,0,0,0,3,0,3,0,0,0,-5,5,0,0,1,-3,0,-5,0,0,0,0,1,0,0,0,0,-0.05
-2,2,0,0,0,3,0,3,0,0,0,-5,5,0,0,0,-3,0,-5,2,0,0,0,0,0,0,0,0,-0.05
-2,1,0,3,0,4,0,0,0,0,0,-5,5,0,0,0,-3,0,-5,0,0,0,0,2,0,0,0,0,-0.05
-2,1,0,2,0,4,0,1,1,0,0,-5,4,0,0,0,-3,0,-5,0,0,0,0,2,0,0,0,0,-0.05
-2,1,0,2,0,4,0,1,0,0,0,-5,5,0,0,0,-3,0,-5,1,0,0,0,1,0,0,0,0,-0.05
-2,1,0,1,1,4,0,2,0,0,0,-5,4,0,0,0,-3,0,-5,0,0,0,0,2,0,0,0,0,-0.05
-2,1,0,1,0,4,0,2,2,0,0,-5,3,0,0,0,-3,0,-5,0,0,0,0,2,0,0,0,0,-0.05
-2,1,0,1,0,4,0,2,1,0,0,-5,4,0,0,0,-3,0,-5,1,0,0,0,1,0,0,0,0,-0.05
-2,1,0,1,0,4,0,2,0,0,0,-5,5,0,0,1,-3,0,-5,0,0,0,0,1,0,0,0,0,-0.05
-2,1,0,1,0,4,0,2,0,0,0,-5,5,0,0,0,-3,0,-5,2,0,0,0,0,0,0,0,0,-0.05
-2,1,0,0,1,4,0,3,1,0,0,-5,3,0,0,0,-3,0,-5,0,0,0,0,2,0,0,0,0,-0.05
-2,1,0,0,1,4,0,3,0,0,0,-5,4,0,0,0,-3,0,-5,1,0,0,0,1,0,0,0,0,-0.05
-2,1,0,0,0,4,0,3,3,0,0,-5,2,0,0,0,-3,0,-5,0,0,0,0,2,0,0,0,0,-0.05
-2,1,0,0,0,4,0,3,2,0,0,-5,3,0,0,0,-3,0,-5,1,0,0,0,1,0,0,0,0,-0.05
-2,1,0,0,0,4,0,3,1,0,0,-5,4,0,0,1,-3,0,-5,0,0,0,0,1,0,0,0,0,-0.05
-2,1,0,0,0,4,0,3,1,0,0,-5,4,0,0,0,-3,0,-5,2,0,0,0,0,0,0,0,0,-0.05
-2,1,0,0,0,4,0,3,0,0,0,-5,5,0,0,1,-3,0,-5,1,0,0,0,0,0,0,0,0,-0.05
-2,0,0,3,0,5,0,0,1,0,0,-5,4,0,0,0,-3,0,-5,0,0,0,0,2,0,0,0,0,-0.05
-2,0,0,3,0,5,0,0,0,0,0,-5,5,0,0,0,-3,0,-5,1,0,0,0,1,0,0,0,0,-0.05
-2,0,0,2,1,5,0,1,0,0,0,-5,4,0,0,0,-3,0,-5,0,0,0,0,2,0,0,0,0,-0.05
-2,0,0,2,0,5,0,1,2,0,0,-5,3,0,0,0,-3,0,-5,0,0,0,0,2,0,0,0,0,-0.05
-2,0,0,2,0,5,0,1,1,0,0,-5,4,0,0,0,-3,0,-5,1,0,0,0,1,0,0,0,0,-0.05
-2,0,0,2,0,5,0,1,0,0,0,-5,5,0,0,1,-3,0,-5,0,0,0,0,1,0,0,0,0,-0.05
-2,0,0,2,0,5,0,1,0,0,0,-5,5,0,0,0,-3,0,-5,2,0,0,0,0,0,0,0,0,-0.05
-2,0,0,1,1,5,0,2,1,0,0,-5,3,0,0,0,-3,0,-5,0,0,0,0,2,0,0,0,0,-0.05
-2,0,0,1,1,5,0,2,0,0,0,-5,4,0,0,0,-3,0,-5,1,0,0,0,1,0,0,0,0,-0.05
-2,0,0,1,0,5,0,2,3,0,0,-5,2,0,0,0,-3,0,-5,0,0,0,0,2,0,0,0,0,-0.05
-2,0,0,1,0,5,0,2,2,0,0,-5,3,0,0,0,-3,0,-5,1,0,0,0,1,0,0,0,0,-0.05
-2,0,0,1,0,5,0,2,1,0,0,-5,4,0,0,1,-3,0,-5,0,0,0,0,1,0,0,0,0,-0.05
-2,0,0,1,0,5,0,2,1,0,0,-5,4,0,0,0,-3,0,-5,2,0,0,0,0,0,0,0,0,-0.05
-2,0,0,1,0,5,0,2,0,0,0,-5,5,0,0,1,-3,0,-5,1,0,0,0,0,0,0,0,0,-0.05
-2,0,0,0,1,5,0,3,2,0,0,-5,2,0,0,0,-3,0,-5,0,0,0,0,2,0,0,0,0,-0.05
-2,0,0,0,1,5,0,3,1,0,0,-5,3,0,0,0,-3,0,-5,1,0,0,0,1,0,0,0,0,-0.05
-2,0,0,0,1,5,0,3,0,0,0,-5,4,0,0,1,-3,0,-5,0,0,0,0,1,0,0,0,0,-0.05
-2,0,0,0,1,5,0,3,0,0,0,-5,4,0,0,0,-3,0,-5,2,0,0,0,0,0,0,0,0,-0.05
-2,0,0,0,0,5,0,3,4,0,0,-5,1,0,0,0,-3,0,-5,0,0,0,0,2,0,0,0,0,-0.05
-2,0,0,0,0,5,0,3,3,0,0,-5,2,0,0,0,-3,0,-5,1,0,0,0,1,0,0,0,0,-0.05
-2,0,0,0,0,5,0,3,2,0,0,-5,3,0,0,1,-3,0,-5,0,0,0,0,1,0,0,0,0,-0.05
-2,0,0,0,0,5,0,3,2,0,0,-5,3,0,0,0,-3,0,-5,2,0,0,0,0,0,0,0,0,-0.05
-2,0,0,0,0,5,0,3,1,0,0,-5,4,0,0,1,-3,0,-5,1,0,0,0,0,0,0,0,0,-0.05
-2,0,0,0,0,5,0,3,0,0,0,-5,5,0,0,2,-3,0,-5,0,0,0,0,0,0,0,0,0,-0.05
-2,1,0,0,0,4,0,4,0,0,0,-5,4,0,0,0,-3,0,-5,0,0,0,0,2,0,0,0,0,-0.05
-2,0,1,1,0,5,0,1,0,0,0,-5,5,0,0,0,-3,0,-5,0,0,0,0,2,0,0,0,0,-0.05
-2,0,1,0,0,5,0,2,1,0,0,-5,4,0,0,0,-3,0,-5,0,0,0,0,2,0,0,0,0,-0.05
-2,0,0,0,0,5,0,4,1,0,0,-5,3,0,0,0,-3,0,-5,0,0,0,0,2,0,0,0,0,-0.05
-2,0,1,0,0,5,0,2,0,0,0,-5,5,0,0,0,-3,0,-5,1,0,0,0,1,0,0,0,0,-0.05
-2,0,0,0,0,5,0,4,0,0,0,-5,4,0,0,0,-3,0,-5,1,0,0,0,1,0,0,0,0,-0.05
-2,2,0,0,0,4,0,2,0,0,0,-5,5,0,0,0,-3,0,-5,0,0,0,0,2,0,0,0,0,0.0102
-2,1,0,0,0,4,1,3,0,0,0,-5,4,0,0,0,-3,0,-5,0,0,0,0,2,0,0,0,0,-0.05
-2,1,0,0,0,4,0,3,0,0,0,-5,5,0,0,0,-3,1,-5,0,0,0,0,1,0,0,0,0,-0.05
-2,1,0,1,0,5,0,1,0,0,0,-5,5,0,0,0,-3,0,-5,0,0,0,0,2,0,0,0,0,-0.05
-2,0,0,1,0,5,1,2,0,0,0,-5,4,0,0,0,-3,0,-5,0,0,0,0,2,0,0,0,0,-0.05
-2,0,0,1,0,5,0,2,0,0,0,-5,5,0,0,0,-3,1,-5,0,0,0,0,1,0,0,0,0,-0.05
-2,1,0,0,0,5,0,2,1,0,0,-5,4,0,0,0,-3,0,-5,0,0,0,0,2,0,0,0,0,-0.05
-2,0,1,0,0,5,0,3,0,0,0,-5,4,0,0,0,-3,0,-5,0,0,0,0,2,0,0,0,0,-0.05
-2,0,0,0,0,5,1,3,1,0,0,-5,3,0,0,0,-3,0,-5,0,0,0,0,2,0,0,0,0,-0.05
-2,0,0,0,0,5,0,3,1,0,0,-5,4,0,0,0,-3,1,-5,0,0,0,0,1,0,0,0,0,0.0069
-2,1,0,0,0,5,0,2,0,0,0,-5,5,0,0,0,-3,0,-5,1,0,0,0,1,0,0,0,0,-0.05
-2,0,0,0,0,5,1,3,0,0,0,-5,4,0,0,0,-3,0,-5,1,0,0,0,1,0,0,0,0,-0.05
-2,0,0,0,0,5,0,3,0,0,0,-5,5,1,0,0,-3,0,-5,0,0,0,0,1,0,0,0,0,0.0003
-2,0,0,0,0,5,0,3,0,0,0,-5,5,0,0,0,-3,1,-5,1,0,0,0,0,0,0,0,0,-0.05
-2,0,3,0,0,5,0,1,0,0,0,-5,4,0,0,0,-3,0,-5,0,0,0,0,2,0,0,0,0,-0.05
-2,0,2,0,0,5,0,3,0,0,0,-5,3,0,0,0,-3,0,-5,0,0,0,0,2,0,0,0,0,-0.05
-2,0,1,0,0,5,0,5,0,0,0,-5,2,0,0,0,-3,0,-5,0,0,0,0,2,0,0,0,0,-0.05
-2,0,0,0,0,5,0,7,0,0,0,-5,1,0,0,0,-3,0,-5,0,0,0,0,2,0,0,0,0,-0.05
-2,1,1,0,0,5,0,1,0,0,0,-5,5,0,0,0,-3,0,-5,0,0,0,0,2,0,0,0,0,-0.05
-2,0,1,0,0,5,1,2,0,0,0,-5,4,0,0,0,-3,0,-5,0,0,0,0,2,0,0,0,0,-0.05
-2,0,1,0,0,5,0,2,0,0,0,-5,5,0,0,0,-3,1,-5,0,0,0,0,1,0,0,0,0,-0.05
-2,1,0,0,0,5,0,3,0,0,0,-5,4,0,0,0,-3,0,-5,0,0,0,0,2,0,0,0,0,-0.05
-2,0,0,0,0,5,1,4,0,0,0,-5,3,0,0,0,-3,0,-5,0,0,0,0,2,0,0,0,0,-0.05
-2,0,0,0,0,5,0,4,0,0,0,-5,4,0,0,0,-3,1,-5,0,0,0,0,1,0,0,0,0,0.0158
-2,0,0,0,0,5,0,3,0,0,0,-5,6,0,0,0,-3,0,-5,0,0,0,0,1,0,0,0,0,0.0545
-2,3,0,0,0,5,1,0,0,0,0,-5,4,0,0,0,-3,0,-5,0,0,0,0,2,0,0,0,0,-0.05
-2,3,0,0,0,5,0,0,0,0,0,-5,5,0,0,0,-3,1,-5,0,0,0,0,1,0,0,0,0,-0.05
-2,2,0,0,0,5,2,1,0,0,0,-5,3,0,0,0,-3,0,-5,0,0,0,0,2,0,0,0,0,-0.05
-2,2,0,0,0,5,1,1,0,0,0,-5,4,0,0,0,-3,1,-5,0,0,0,0,1,0,0,0,0,-0.05
-2,2,0,0,0,5,0,1,0,0,0,-5,5,0,0,0,-3,2,-5,0,0,0,0,0,0,0,0,0,-0.05
-2,1,0,0,0,5,3,2,0,0,0,-5,2,0,0,0,-3,0,-5,0,0,0,0,2,0,0,0,0,-0.05
-2,1,0,0,0,5,2,2,0,0,0,-5,3,0,0,0,-3,1,-5,0,0,0,0,1,0,0,0,0,-0.05
-2,1,0,0,0,5,1,2,0,0,0,-5,4,0,0,0,-3,2,-5,0,0,0,0,0,0,0,0,0,-0.05
-2,0,0,0,0,5,4,3,0,0,0,-5,1,0,0,0,-3,0,-5,0,0,0,0,2,0,0,0,0,-0.05
-2,0,0,0,0,5,3,3,0,0,0,-5,2,0,0,0,-3,1,-5,0,0,0,0,1,0,0,0,0,-0.05
