1,1,[(5, 4), (5, 4), (23, 22), (22, 21)]
1,2,[(23, 22), (12, 10)]
1,3,[(5, 4), (7, 4)]
1,4,[(23, 22), (12, 8)]
1,5,[(23, 22), (22, 17)]
1,6,[(23, 22), (12, 6)]
2,2,[(5, 3), (5, 3), (12, 10), (12, 10)]
2,3,[(12, 10), (23, 20)]
2,4,[(12, 10), (23, 19)]
2,5,[(23, 21), (12, 7)]
2,6,[(12, 10), (23, 17)]
3,3,[(12, 9), (12, 9), (12, 9), (23, 20)]
3,4,[(23, 20), (12, 8)]
3,5,[(23, 20), (12, 7)]
3,6,[(23, 20), (12, 6)]
4,4,[(12, 8), (12, 8), (12, 8), (23, 19)]
4,5,[(23, 19), (19, 14)]
4,6,[(23, 19), (12, 6)]
5,5,[(7, 2), (7, 2), (12, 7), (12, 7)]
5,6,[(12, 7), (23, 17)]
6,6,[(12, 6), (12, 6), (23, 17), (23, 17)]
