1,1,[(5, 4), (5, 4), (23, 22), (23, 22)]
1,2,[(12, 10), (10, 9)]
1,3,[(5, 4), (7, 4)]
1,4,[(12, 8), (8, 7)]
1,5,[(7, 6), (6, 1)]
1,6,[(7, 6), (12, 6)]
2,2,[(23, 21), (21, 19), (23, 21), (21, 19)]
2,3,[(12, 10), (10, 7)]
2,4,[(5, 3), (7, 3)]
2,5,[(7, 5), (12, 7)]
2,6,[(12, 10), (7, 1)]
3,3,[(23, 20), (20, 17), (23, 20), (20, 17)]
3,4,[(12, 9), (9, 5)]
3,5,[(5, 2), (7, 2)]
3,6,[(12, 9), (9, 3)]
4,4,[(5, 1), (5, 1), (23, 19), (23, 19)]
4,5,[(12, 8), (12, 7)]
4,6,[(5, 1), (7, 1)]
5,5,[(7, 2), (7, 2), (12, 7), (12, 7)]
5,6,[(12, 7), (7, 1)]
6,6,[(12, 6), (12, 6), (23, 17), (23, 17)]
