1,1,[(5, 4), (5, 4), (23, 22), (23, 22)]
1,2,[(23, 22), (23, 21)]
1,3,[(5, 4), (7, 4)]
1,4,[(12, 8), (8, 7)]
1,5,[(23, 22), (12, 7)]
1,6,[(7, 6), (12, 6)]
2,2,[(5, 3), (5, 3), (12, 10), (12, 10)]
2,3,[(12, 10), (10, 7)]
2,4,[(5, 3), (7, 3)]
2,5,[(23, 21), (12, 7)]
2,6,[(23, 21), (21, 15)]
3,3,[(5, 2), (5, 2), (7, 4), (7, 4)]
3,4,[(12, 9), (9, 5)]
3,5,[(5, 2), (7, 2)]
3,6,[(23, 20), (20, 14)]
4,4,[(12, 8), (8, 4), (12, 8), (8, 4)]
4,5,[(12, 8), (12, 7)]
4,6,[(5, 1), (7, 1)]
5,5,[(7, 2), (7, 2), (12, 7), (12, 7)]
5,6,[(23, 17), (17, 12)]
6,6,[(12, 6), (12, 6), (23, 17), (23, 17)]
