1.261411205896956
1.592546689728572
0.095583912468448
1.0971900327906337
2.0359921216665975
3.4752760190540224
2.863449530476969
3.1112466386902673
1.956562295815487
1.957485198394741
1.9809378167585494
2.393910251858716
3.069067459472908
3.278222679855231
2.9989327703477855
2.612950244997813
1.3430935289977946
1.0247905137320208
0.8192394200111057
0.3124494947591008
0.3124494947591008
0.6720756219380036
1.8390054591065115
1.7842699080397553
2.250588651061185
2.7028209706823936
2.55193686199733
3.9626400103963904
3.6987339713395495
3.639703241157063
3.8979747581579187
3.493002636009666
2.4695405782821487
1.4058346120041492
0.9124669864195829
0.8171359388616738
0.3334861659298215
0.4535409062661947
-0.3572328220760653
1.261411205896956
1.035568661759815
0.44360051321217553
0.6483038209161794
1.917054595186983
1.5438178301330174
1.8685639426148613
1.3437947229418086
0.7008543960659182
1.1890701477370544
1.082377531894527
0.9556758387850175
1.035695300666913
0.11678739675753314
0.27682632052132405
0.3492850052715674
0.04221151392426592
0.5103076159677417
1.8953417230516865
2.0715970445332506
1.9881240367917337
1.8075451492304997
1.1871939057884047
0.8648184252432535
2.0359921216665975
1.5223863764262349
1.8492800439421746
1.8492800439421746
2.4094162771154433
1.01559645117423
1.379069996736184
2.0542272043503766
3.1645929466115312
1.691281649744032
2.6259414626338864
2.596110103468743
3.369631568327066
2.8670966044804107
3.03183585165239
2.898470081849231
3.4719684395163455
3.2852563617919226
2.3656606880490036
2.7106073452402364
2.7906268071221323
2.923992576925291
2.7848703742874616
2.8591395838342235
2.8706462690040278
3.0858358449860637
3.640565767869764
3.344733246628242
2.4254102437181646
2.255844527866829
3.216958761513783
3.2540071835785174
0.9081240856455035
1.0387181439968183
1.0367947965768678
1.626031880447019
1.7300752432274111
1.3559980923658024
1.5217429348274392
1.155404551533914
0.9525176105263091
-0.8640227473280706
-1.3264940719664498
2.4235068074352037
2.459836314126336
2.5809887467959514
2.3374768152906436
2.219422631163498
1.7437987258091805
2.5359662269302445
2.1625420714813988
3.496199769512991
3.5845475899932833
3.611220743953915
4.0223888347571
4.129081450599627
3.9975200250934497
4.502530556151092
3.8595424016268822
3.759197267154743
3.813033572747689
3.502840497976881
3.0184937153827764
1.7205394876257973
1.3259445287384681
2.2328317633999504
2.835324451014564
3.5544724684584765
3.367760390734053
3.1963901589887556
3.495023230677135
5.614794378361714
5.079330742939851
5.8096905856570595
5.757808304631875
5.465056606477688
5.850492712375782
5.479657200542072
4.830015450879891
4.438084065909784
4.5957784350930195
4.246813979449261
3.337419756048196
3.4417678173101676
2.6794504307572384
2.6448186957951565
1.0211445038771996
1.2684318238535428
2.0114402748781988
1.7004487557151646
1.7398736203956366
0.853600233992454
1.0136391577562451
1.4566687279137627
1.857419032736003
1.6076213233130057
1.847679708958692
0.4852280741981846
0.9379005362863091
-0.12837776510015225
0.5641318321452434
0.7565649896057313
1.531133274583603
1.6540422881439034
1.449743384823397
1.5460419877456109
1.4602001410662555
1.1949326283560162
0.8404429043001909
1.911576372140583
2.044942141943742
2.024328293685442
2.4594271156539476
2.7734456574791984
2.9334845812429893
3.041111949565145
3.930307384277155
2.9068453265496363
2.181881158871864
1.6993686841873137
1.6017623967093346
1.7323564550606492
1.4774829552707232
1.355167948386453
0.6892091195907057
0.5757006837598211
-0.09112816525597489
0.2951711158835596
-0.9851402742267685
0.14329528439971606
-0.7184087346204502
0.1517013300286053
1.9022227673449241
1.3373407735443037
0.3179167924391411
2.4154755828177743
2.3225809952451897
2.2107834162520823
2.1841102622914508
1.3500350993846977
1.3033935581318818
1.8894317900231656
1.5925432902934822
1.6129609266395364
1.6129609266395364
1.6129609266395364
1.1952011988358595
1.6543507348644462
0.3439706567125308
0.7836162457733291
1.0282012995747167
0.7133143856353226
1.7125788047562562
1.7841263941323147
2.898069647610029
3.0314354174131886
3.1381280332557155
2.6119427068193284
3.340446222354784
3.539116477401854
3.061141430909588
3.267927146608736
2.8595014786008623
1.4499155234565362
1.258826866354918
0.8012593311698365
1.2848730941004078
1.4715851718248307
2.2061999759473894
1.8061026665379114
1.775049610472408
1.208745355850842
1.2411749426461445
0.34584258642851873
0.5340374358652317
-0.0673923404295731
0.34417258504881376
0.4108622741746113
0.15502378716933285
0.5326993739874301
1.1898070474834648
0.08950553260178817
0.4336410544170778
-0.09205106783522898
0.9204623661820863
1.4042686623916405
0.6427678667812143
1.772791995212772
1.1993259892834054
0.9130621312704236
0.2961759315303355
1.3251913272099793
1.4855567880643958
1.9806751655820407
2.0501207890620305
1.5405462319892995
1.6109111037773294
1.8104983071924414
1.637106109966653
2.7029658519052324
2.1304981307758246
3.5559484763486804
3.313773068394152
3.4738119921579433
3.376514151400507
2.2791730499186182
2.8204300498511388
2.412004381843265
1.0689165438465196
1.200911885771368
-0.8478160060467033
-1.3982976491261063
-1.628961259686702
-1.7270361361838733
1.488297445682267
1.7320611938165718
2.020989369652287
2.526694866816004
2.7666298374908402
2.643486373064831
1.9079839476000413
1.694598715914987
1.7960629536360846
2.094696025324464
2.2138833967290497
2.512516468417429
1.4237217163536058
1.3635702919010324
1.7479502883726443
1.641257672530117
2.106713240310106
0.7725856209999773
1.0271393184169488
1.502090454909438
1.2316535528145014
1.1071744439065092
1.1949326283560162
0.45414362316065615
0.905782896194416
1.9211670909954075
2.0011865528773027
1.855069072354304
1.7483764565117765
2.1537021440426836
2.46242103653378
2.7144913726287148
2.35800104736319
1.141555162992702
1.0228418779022774
1.291210099853742
1.1542708408172828
1.1809439947779148
1.5535969949841437
0.8277696421263072
0.44460616290015076
1.7697539381210425
1.3696566287115648
0.4002098752560317
1.133329652245432
1.6858075121385612
2.0049596865957784
2.0212580506935245
2.0828819766420836
1.9101781070162818
1.4571376036992603
1.8221683024370203
1.6438496814236832
1.2508578913740134
2.5845155894056058
2.0243793562323367
2.884736102960913
1.997706202271705
1.9176867403898095
1.9176867403898095
1.9176867403898095
3.0447750267247042
3.312159561743785
2.56998651966372
3.731120658874205
3.8340483109830648
2.437574903927033
2.4449171273377344
0.8781088253793452
0.6233979550209241
0.8552830898017647
0.8780537546171722
0.9580732164990677
0.7033623461406465
0.3435938768929234
1.495687007216629
1.5961778282216479
2.3544937551882485
2.7501145468664916
2.0497577536397924
2.0859206302924753
2.9937882206371857
3.5063409618891326
4.192485677665682
4.754123382268272
4.765635179662205
3.437700547709742
3.433470536407011
1.867106298365066
1.8180209015598343
1.8933897971143687
1.240785253176832
1.5394183248652114
1.6461109407077386
2.4279607641644585
2.90754948074259
3.3335487888700825
3.4613396835264063
3.6245776494600763
3.4481678101507645
3.028103667469515
2.5359662269302445
2.22545768936705
2.2709220152998135
3.890125699285194
3.890125699285194
4.167313995134371
3.606204345245023
3.904837416933403
4.941488455405458
4.3543345195793375
3.9399849420539486
2.1750681766981894
3.231181464322371
2.5571565174058812
2.119713140856819
2.275062955459497
1.9537944734428658
1.9427574911273517
0.9292465244386301
0.2913721748540523
1.8324260072699303
2.5166695432486708
2.6968394554444104
2.4435716639976985
2.144818937797912
2.477771911016183
1.131239087293902
1.256608176189312
1.4321125962619725
1.1707873669452227
1.6988441358682906
1.3824716508293267
2.1265975574065257
2.8551010729419817
3.091301508344549
3.278013586068972
2.8020632117412605
2.852309539185557
3.0610056617094985
1.4954667920290383
1.7923616749239932
1.444957678023017
1.267331928663142
1.2473635413709583
1.6227882530290312
1.799569026355215
1.9506579298418611
2.565170204433623
2.5745649795187138
2.4132169522467217
3.502612004982834
3.3017593915459686
2.2228125638727976
2.5858122107393235
2.304428186420271
1.0156152855292986
1.7769702638506872
1.3592861288451255
1.1204401380805502
1.0819949147411336
1.3544725124390808
1.4344889988511291
1.4057701789201413
1.5361704052987206
1.9278742579971122
1.6043428646099092
1.4786856020717212
1.8427203846913776
1.8063852728265564
1.8091574625196167
1.203735595181914
1.1780461281536652
1.1879532854797916
1.6586806839419757
2.0498279730743088
2.3327221876213313
1.3668364491178082
1.8871413748257624
2.0743878904286976
2.5219264045407392
1.0038661250016583
1.2883207982914642
1.4742617207732702
1.269962817452763
0.6192469696587095
0.9178800413470893
1.2698594209567327
1.4565714986811555
4.187775812805448
3.5356081673010364
3.2735431777136954
3.305444709795756
2.936809953630773
3.178905827161673
3.5376687790991346
3.6605240698823662
3.1517699646789663
3.6724822472050134
3.7725753470616343
3.467086775136816
3.1363360144302814
3.0860929216164297
0.8911330527396493
-0.2641331293024983
0.5717182788874717
0.9443712790937007
0.0306936106979121
0.06362228227312142
0.05164568492247901
0.06362228227312142
0.0306936106979121
0.0306936106979121
2.3048338075462547
2.4010696671459235
2.1323375713303783
2.38575808146991
2.104211427719352
2.7302772888176308
2.6058615392916162
2.6295822645304323
3.4922303543591466
2.78246143952812
2.8244751490981006
3.2736638050234914
2.9693248146372664
4.066605368534239
3.017437612474502
3.4027420629430223
3.7036916921053207
3.823093437028931
1.5293608519142716
1.0606056489075169
0.9080690203068701
-0.23755400054899434
-1.4712491570281274
-1.2462532240574566
-0.38143585169601046
0.02384174663805394
0.8177896600457281
1.247418283546505
1.9500827956401625
2.0769679687018807
2.395563044517173
2.458304127523528
2.280986824884195
1.0358585115451988
1.6843425651987594
1.4457943697810425
1.1747262466356072
0.877868007209036
0.6111364676027176
-0.20677602036333131
0.1715229478242895
0.9876067023732931
1.7861003733912977
2.0080041926779706
2.329605055838364
1.7886731612246074
2.3663451376864835
2.718324517296126
3.2902426549274124
3.370262116809308
3.6955683424583188
3.7489146503795827
3.3700727691197216
2.217474952891776
2.4095112402853056
3.791340163876371
4.269999113558073
4.448226218574415
4.115590001145705
2.9791798099610824
2.517407834031945
1.2829255984438486
1.5068213091488314
2.1447948837824637
3.124041213319659
3.0726954616076223
2.9660028457650953
3.1842437327992923
3.3224332203141667
3.5629154237592005
3.399776519518442
3.417989650873612
2.9952405983276775
2.464061526110681
1.7885794905014687
1.8337930640836868
2.1872449451893163
2.3702301162216304
1.9443860090967708
1.7303477819989537
2.0200255688737947
1.915107785293076
1.5606180612372504
1.7817420154899168
2.2493773533516523
1.245704226933025
1.6815023976107721
2.1005055582917658
2.4739297137406115
2.3833654811964347
2.9056935060883986
3.0235074930539936
2.8367954153295707
3.1889492842698015
3.322315054072961
3.183720906148372
3.5084990770841427
2.8382166822087256
2.864889836169357
3.0324895370647997
2.7255731912007395
3.2522439792869084
2.525765970063299
2.4099876253521546
2.0413095385800153
1.9003813371401703
0.7226795420337518
0.882197281891967
0.1924369984179385
0.04205266474801295
0.6170732614992605
0.7298251830441195
1.464192060512173
2.0455951373565044
2.7976311280739807
2.593640671474018
3.375490494930737
3.2248463462520367
3.1145993255751705
2.7510349927804794
1.2806969829025394
1.56833652483617
1.012283652648869
1.2610735109066717
0.9372903008904716
0.5641179620706228
0.5107716541493591
0.33912264871973263
-0.20721555618359322
0.3901468278470773
0.3963163750240475
-0.17284756545685875
-0.298418857557439
0.19124340553850905
2.265312332640911
2.6366878466495534
3.0086292303861097
2.6190423999965597
2.1812436731095852
0.9752995489603755
1.7888562922731763
1.6655815948733073
2.338551630312275
2.4578339755837377
0.30667752820471084
0.6680810144056593
0.6619114672286891
0.6619114672286891
1.3469305326693526
0.6773500442026916
1.5754818159942414
1.7098312727297835
0.8837932762497236
1.803336860603944
2.5572917783809035
2.0932880083112733
2.3024182785909773
1.3114542812534336
2.014786995571214
3.0966142385783346
2.374575944690403
4.058926024400801
5.31194259887175
4.59602240334004
5.11384059210891
4.335522181804683
4.111108686602763
4.34883321127147
5.118124664827062
4.517302496833542
4.6626009302746745
3.7761089473898926
3.76764892478443
2.782224631643766
1.8843376857742418
3.2256481359358373
2.7497863260498145
1.8309913778529783
2.5034724227895504
2.6921850567232006
2.1629769389159144
2.130048267340705
2.130048267340705
2.052029361668037
1.838644129982982
1.0673770703207814
1.1003057418959907
0.40636880772741646
0.603569820268276
0.2451203529068492
0.0964429974276767
-0.5275996964057451
1.0693573083377075
0.3833724133347146
-0.30584626748256494
-0.1480339212929837
0.01592125685250284
-0.37646612398390555
-0.6275527731464572
-0.3238587819130122
-0.02686347702177372
0.06698479882384523
0.3905161922110486
0.2258105703292613
-0.7259130494427847
-0.6569218510777539
1.2379651730063137
1.1106913491481083
0.5760574900257716
0.711423816038158
0.3963163750240475
0.468568534216827
0.9043667048945742
0.9577130128158376
1.2539023382035142
0.9130621312704236
1.4793873016458217
1.4359477178099407
1.644362542981524
0.43792805285105674
1.394776975700115
1.592546689728572
1.6305814119738222
1.6448509997976881
1.6181778458370562
1.4370141342966354
1.5253619547769273
1.9114488860103773
1.9900715466175904
1.3956312534507347
0.645998310732317
2.198170466826655
2.251516774747919
2.251516774747919
2.874027023150089
2.598267776236133
3.2432211672962037
3.4172432111124325
1.5936086708863402
1.7957060403694656
1.6660456330549245
1.7290487029814157
1.408317860041071
1.5348678098558728
1.078203656928308
-0.7217727841247144
-1.108994967843503
-0.2412623205722898
0.6066539848404451
0.7815054095003429
0.6933306570425404
1.0049303961792169
1.0316035501398488
1.4098004514909819
1.2887553089844785
1.742746083599326
1.4268008700257053
0.5263128742154632
0.2586584320298909
0.6028036736753947
0.27026851369572635
0.6728111341223775
1.6199282594643176
1.8652150232314333
1.081207470624037
1.6577959708744672
0.7037818756739288
2.296092027873927
2.0162501804027597
2.1592727122111466
2.052580096368619
1.4089708554538336
0.6937661050302456
0.8680389608400767
1.6290789922687623
0.5479189017974488
0.278402730370404
0.3988933744828742
2.0392848613932366
1.8752028801505434
1.3796206125503008
1.9117846127453997
1.6909305656592248
1.0346792093165487
1.7220158238365577
2.3621715188917216
2.4889909841893925
2.776454448530873
3.1236502048270336
3.36370859047272
4.279577179145361
4.288996904333072
4.467224009349413
4.676379229731737
4.159831485025461
3.1383403817076547
2.699011548436418
0.4475503989615369
0.43509308650945083
0.754399778794416
-0.15834728519776786
0.7602973060116673
0.9659250703128999
0.7035092046034777
0.2677110339257305
0.08726077497753104
-0.03777663622723193
0.1846363027654605
0.5847336121749381
0.5223595969460367
0.45328394773018027
1.4439410342788475
1.276163387947445
2.344711014157694
2.48766090673553
2.5995819006994876
2.4804319724048733
2.347066202601715
2.2393409977664716
1.682237909795146
0.46272664099029914
0.7758218421055025
2.166826960476813
2.538768344213369
2.7254804219377915
2.912192499662215
2.888972891561204
2.435529274230463
1.8038835019859987
2.030630858164899
2.060799253940129
2.3970934991854844
2.654875018514658
2.6128902788780124
2.70999615869773
2.150133286356949
2.1278003739311453
1.9588114298902102
1.9192631502388895
1.8427751015094864
2.1995624585828817
2.8129671323845415
2.2759246982349475
2.0781843569936593
2.702720111707676
1.2996865797008188
2.4822717224811193
2.78533276877857
2.1016882494093068
2.1802547216408086
2.0468889518376496
1.9248847503191082
1.7915189805159493
1.2073334437622534
1.7487433267882064
0.1349636039026516
0.5995600502922447
1.6716531974107216
1.0973999552671048
1.2397934323779016
1.3782485038437713
1.4240498761696876
1.3613468630526968
1.4349131467088307
1.4778841865259922
1.7317713861354027
1.6265615420051653
0.9259245713956707
1.423764476370531
1.5466197671537625
1.283419640699937
1.3061452065448593
1.68444417473248
1.5304645566710207
1.3446753815258516
1.0374726596889587
1.103258189524814
0.8070688641371375
1.051270687958901
0.740847430525185
1.3276568176590855
2.029803184464468
1.8787919680083147
2.2243695908564134
2.2272802236437936
1.9482000285379089
2.053409872668146
2.1586197167983836
1.480103926494433
1.8666977949437233
1.6582829697721402
0.9586114196187422
1.1934311569266955
1.1944148438590787
2.5345985695430446
2.075146709056867
2.0914445949133964
0.9655199326460825
2.098178737186549
1.229579290522585
1.403887802110242
2.6297864678126124
2.946332902187701
2.9894098442609858
3.108977585794202
2.8155728922272525
1.9515055678409736
2.170010886882519
1.5698393752547732
1.4865299391828801
1.5132030931435116
2.0970469368528324
2.9855893761520793
3.519052455364717
3.262205688515171
1.5720942783394471
1.7483495998210112
1.5669355169257082
1.5564787606828494
1.3181952072989709
0.810289399733961
0.616016544877886
0.797414274043272
1.1570404012221749
1.3881487665907166
0.885206259721763
1.04314903350163
1.2724688422009898
1.6244482218106335
1.7893619583131992
1.8960545741557266
1.4695574716181048
1.450445094789125
1.1036940933009112
-0.057049555276201036
0.7194648715223821
1.9160644891013139
1.17824388551126
1.977284730506014
1.4100418904534775
1.8557472184573514
1.8886758900325606
2.391934402132073
2.501165657086485
1.7802511319030725
1.8618229822049486
1.7501940487905099
1.4582721269358496
0.3359991043800849
-0.14757121277090957
-0.9534369842950567
-0.4555970793201968
-0.6689823110052517
-0.259857294288136
-0.34890446347766935
-0.16219238575324646
0.3241133227402562
0.8322302065527434
0.8487911830254569
1.0103905655320309
0.5458661664790021
1.4003805099353004
2.0544762891548407
2.0936267153349277
2.2881054431400165
1.7953380056650377
2.626436799134802
3.090304925047864
2.9035928473234405
3.272046596258815
2.7365829608369507
3.085334518534392
2.133610898762346
2.818602978928073
2.3098124974668415
2.5503886676094654
2.694289866535171
1.5443591432210473
1.979457965189553
1.9120028755774054
1.3484130965445158
0.8013393794568162
1.409274563849309
1.7026792574162593
1.729352411376891
1.2522286020257776
0.6829298597352792
1.7026792574162593
1.7890898810693014
2.3630549282062936
0.8380253622605343
1.4394872341071694
2.4164261862301766
0.8743985011646327
1.5456394543971297
1.5716312521912006
0.5579827711838132
-0.77952234523083
0.32264364395353695
0.8474889838208174
0.9657923009489607
2.1007949390387255
1.9618043918304695
0.7671372410071335
1.1724148393411977
1.5191658408294118
1.5763595671337265
1.162515292001201
1.0088955077991832
1.0324104565553034
0.2843630049941133
1.1948788820406961
0.9765481961629476
1.0301986457204304
1.2325130960117778
1.5921392231906806
1.0425804826905316
1.882323381160807
1.3221871479875387
1.1088019163024843
1.3755334559088026
2.4205834058193476
2.6339686375044025
1.415621294660694
1.8780926192990732
2.233871328094925
2.0079277265087425
2.3623143666790063
1.9669275337388363
1.8588054570404364
1.3147575138182195
2.0574768708622213
2.495904243172059
1.597421502467347
1.0541952037626987
0.2983191855573696
0.45672877479115237
0.9425514647803709
0.6456932253537997
0.5123274555506405
-0.2780251827795691
0.3292919698585446
0.2101601321014256
0.46309364343780113
0.7031520290834875
1.3865810236523501
1.3332347157310867
0.8264447904790815
1.3263627597643852
0.060288755366093266
1.1611007224155583
2.0875098510107324
1.7387582933132912
1.7983601188491325
1.6846335353578872
1.495766990791381
1.131239087293902
1.3179511650183249
1.2437119541309118
1.4056654636663228
0.872202384453686
0.7584418146312841
0.7150216208205626
0.15202722751662667
0.4368141817382202
1.2280725545568711
1.266107276802121
0.9502843906798892
2.0416345624060654
1.8901540432319015
2.8521217197748117
2.62528163794404
3.732437687049771
4.245483129916354
4.298829437837617
3.993412793821419
4.368338420699586
4.333205244133492
4.227937378442275
2.7221082113290116
3.614246236869186
1.1368423947856072
1.4768445577081184
1.4244819367192378
1.4244819367192378
1.4244819367192378
1.4244819367192378
1.440644611659942
1.4376665273785199
1.1422612776023424
1.3309739115359924
2.1578416843155797
2.6823547432510715
3.8815802549928096
4.073520710838663
4.180213326681189
3.813581462358812
4.053639848004498
3.6379023841124734
4.839048311384774
5.047234134881734
5.404940977392713
5.458287285313977
5.5273509061731065
6.056559023980394
6.0469722879575825
5.334778999117982
5.746888258976709
5.853605824921853
5.516714646087795
5.182445078029218
4.361215835399704
5.157171724117278
4.180661623739944
3.772270551774678
2.8584762253939537
2.698437301630163
1.9858229218247552
1.9858229218247552
1.9825171060984532
2.0849547605356307
2.1923003717909206
1.8842431935112356
2.3412190377009265
1.459180919925413
2.4653744293380857
2.210001844768253
2.126528837026736
1.416211163696841
0.6875011226039213
0.4302881540858462
0.8765108333459135
1.3915514301658218
0.8344081589328127
-0.24645325451197775
1.044800428677608
1.549031495423615
1.7391971190076587
2.4428721350260787
1.7171691699374814
2.0772822959195407
1.7995224927963573
2.1475379359785465
2.393302240322079
1.94211302818746
2.49243242452792
2.439086116606656
2.0068810795669347
3.043396907123164
3.4188216187812372
3.6685363571574245
3.4250244256521167
2.638140836299948
3.3933175057960354
3.50201067784779
3.8978246650981196
3.418537670106274
3.1769965127482966
2.2698907034265723
1.916429570610005
2.503786115028012
2.6816260397681617
1.9881240367917337
0.7520082088438516
-1.0236849110037787
-0.6394556892252494
-0.5126670096213589
-0.5822619629209341
-0.1464637922431874
0.031298265204090736
-0.4458255441470228
0.14253362835235972
0.7974194951507515
0.24631096928512053
0.7264277405764935
0.8684112497250093
1.1708436505995974
1.5976141139697069
1.1602661579264777
1.6635246700259898
2.111316524676698
2.09361834109583
2.347634896691336
2.552560105770928
2.156484207185626
1.7929448244935533
2.4644279765020998
2.415248065544498
2.1717361340391905
1.680685065928542
2.392955503688385
1.3793756531843744
2.961420095460049
2.4408321419381016
2.06833088906851
2.058380279181618
2.3820487380334883
2.011425133031501
1.8133514870224596
1.8824203724179833
0.8793510009339008
1.4572103677906565
2.1155292939957526
2.001726660622777
1.772486432268455
1.7423597324482019
2.4128698229750642
2.229686407672605
1.8024800405263994
2.2692346873239266
1.0742571076545306
0.5888259878041205
1.721973579841347
1.9620319654870333
2.184672090393903
0.9787279662446935
1.4709573335137045
2.5856854204741215
3.222875572104706
2.609393031010174
2.4688922935739477
1.2776972203224193
1.1665776419041913
1.8359592592940799
1.5797036333202534
1.2766081427553913
1.0632229110703364
1.029118210467644
2.653006075913623
2.362440152452181
2.3961812603926873
1.9056399805189936
1.9427376430619459
2.8095135865249206
0.9111529122338006
1.322907130583006
0.034783836711675786
-0.3518100317376146
-0.030087020568608902
-0.394483468709817
-0.9645264259684683
-0.6533985987180313
-1.4012824786095979
-1.3460215849167143
-1.2926752769954504
1.8899789078778702
1.8213210142805931
1.1811653192254288
1.264092800646572
0.5399165312910572
0.7671816719668951
0.8748547808284342
0.7353777608536384
0.45136784237177885
0.6200245054809264
0.2556280573397183
2.176182044348889
1.7674724276660507
1.6039799580426388
1.4500003399811792
0.740402675717239
0.9537879074022938
0.7066266903298758
2.411094990713256
2.8284706789982748
2.981280668431409
2.9264813708597517
3.0821645499702943
2.6786136947011965
2.0197815265931496
2.486100269614579
2.6385784162467183
2.825943489383904
3.3443903783944053
4.006964266004851
4.332270491653863
4.181626342975163
3.685371846845704
3.2951343600903806
2.0019647221865235
2.4501799613958353
2.779914161653918
2.845017726143676
2.1576463000823045
1.9718605786031318
1.7307837182552155
1.9589814508363768
2.3473281895218516
2.238207746004753
2.536840817693133
2.6702065874962924
3.3340048400739986
3.56220257265516
3.6955683424583188
3.518251039818987
1.7202593667549513
2.0602615296774625
2.0497510506575347
2.042337770491761
2.767197667721184
2.923006580182243
1.3932755042707947
1.8050297226200003
1.3577166822043147
1.2147667896264784
1.4636109778562418
1.708897741623358
1.818018185140456
2.129146012390893
1.8350883234111803
2.0757997044696292
2.218496889975902
2.271843197897166
2.4662939981891996
2.443074390088189
2.197787626321073
2.6297864678126124
1.4328173140431664
1.042579827287843
1.2369945573475079
1.3958926796349518
1.289747221076531
1.0462352895712232
1.2138833586601856
0.24443841607504962
0.33948243230160213
0.12461442890425745
-0.06253774628661002
0.0603175444966218
0.11566440862711269
-0.2976026137828093
-1.4009681902204896
-0.9719312886328246
-0.88441200091671
-1.9877775773543902
-0.7243730771529191
-1.4238522852112168
-1.4238522852112168
-0.2577597468217331
-1.0384161793131228
-0.9015968636503422
-0.30468696545879564
-0.6091812592716769
0.8742946239828218
-0.22182302910924845
0.9208972315920876
1.3195117692892753
1.3728580772105392
1.4199488675172254
1.4528775390924347
1.0213101302764218
1.5799885418400197
1.5804535894090832
0.7718092665640965
1.9476260498151823
1.8160351122738312
0.8813789794842488
1.0314280532115099
1.096133316169259
0.9841263517676949
1.8910135864291775
2.6946885558537303
3.455728587282416
2.6048646172518986
1.55259094353936
1.8288917931100652
2.46479252675988
2.1713878331929295
2.9464107694805732
2.6675546377113584
3.1295914340525033
2.861358423016864
3.2423433555973613
1.9086856575657698
1.9353588115264015
1.4285688862743966
2.7322476146190553
2.758920768579687
3.876439744950195
3.4122829030506994
2.100442082582089
1.3620406873509197
1.873469520566856
1.4409702714170547
1.5853868041391028
1.4253478803753117
1.1294023467001728
0.8773673637038437
0.38003180804528375
0.5943960370688883
0.23976182377463878
0.7270912497295714
0.72291740132523
1.446154488434393
1.3754856203125654
1.526083964566502
1.3783303520844468
1.6220941002187517
1.7626888043525677
1.836577689319407
1.4159378028643537
1.3376931732442663
0.9169820155764883
1.299661064247149
0.21522205683657358
-0.010175125297729182
0.5157617180365902
-0.01970191738527388
-0.36990646473310884
2.1217737552698575
1.8530416594543113
2.169961301777382
2.1546497161013685
1.7706654079136332
1.4750097628165564
1.1050833364464039
1.416211163696841
2.0115042305416475
3.1505976223471825
2.3665900697397864
2.0058178427944475
2.286707642653803
2.3855661205321903
1.4023863306809212
1.3328558036154625
1.9210090900803398
2.262737803559035
1.0981467365988715
1.8626404941495573
1.3115319682839264
0.3246252717405482
0.31845572456357807
0.9586114196187422
1.293886521630932
2.181839324899394
1.7473301389616733
0.9221087532565663
1.0999351628751413
0.8341299795140731
1.9268029356547287
1.6953410049035325
0.36913712025615786
0.9851048197123939
1.360529531370467
1.4138758392917306
1.8391635309495502
1.6806073788980491
1.835709985089929
1.5432619953312166
0.9460280996149959
1.3389044709537996
0.861780661602686
1.9301259623044011
2.1317765418915853
1.1406398340454755
1.0653403811379936
1.513074837488808
2.411734663993599
1.9666255146372111
2.492005942504491
2.3323653202727095
2.6629536468202195
2.695882318395429
2.696730794411986
3.715619365408043
5.098689384189148
4.695137107611952
5.053900059549414
5.6926013436460865
5.381918271203596
5.026707247109919
4.064425813645973
2.588384107861236
2.0060417355812357
1.396814155892054
1.503506771734581
3.2368594427161472
1.4524995952368878
0.5404535991616659
-0.08018785028110564
0.2722690699049538
-0.06254240362811159
-0.2540555880086204
-0.8310853588282278
-0.15592815121403558
1.124201674683989
0.675013018758598
1.1065562280309948
1.8119706018842787
1.6800876037934094
2.078702141490597
2.4232486379879257
1.9194766247787995
2.53780052027538
2.0392620171502815
2.244187226229874
1.8806478435378016
1.6790233326158504
1.6634370632289945
1.298968192593687
1.1480155971944437
1.0374726596889587
0.9785169913499333
1.8953417230516865
1.7303477819989537
2.0200255688737947
2.0200255688737947
1.4446530170050726
0.9876067023732931
0.8008946246488702
1.1738828763216187
1.3605949540460416
1.4672875698885692
1.2543382419796114
1.4616641679623346
1.5477429355465617
1.915107785293076
1.9785018637121927
1.1397202987476527
0.8266993843803769
0.9228815212029768
0.7576142193177564
0.5584448291412472
0.8675883798495545
1.1530164698554393
1.7283419612533328
1.9301171112725524
0.9432104147291741
1.7744902917254624
1.6544355513890892
2.4649498916549906
3.130713912445655
3.4628037104224854
3.88062415351545
4.094009385200505
3.333692902024676
4.9355588761827685
3.08577925802815
4.19130251525338
3.1636104462231307
2.320921747868098
1.6950729086074383
1.8814314209492067
1.5477429355465617
1.321046674394721
1.131028780943996
1.307248646124778
0.6090022579998609
1.4947126328558562
2.2682340977141795
2.0638765733367626
1.6704824175010216
2.377864329468233
2.5883896322722544
2.1384774280940064
0.877729289529156
-0.51149497156665
1.0934585074867802
0.6914192629249856
-0.4878517072635917
-0.5775518718658875
-0.1389228904381703
-0.48941106883479696
-1.0486682852303206
-1.0306128706150453
-1.4844664559080674
1.096213520719426
1.0271820784338737
1.2347390639696947
1.3790606747956196
1.6863962491627809
1.477118248749757
2.178948610324581
2.2460929465157875
2.552372765773427
2.5790459197340585
2.677904397612446
3.109903239103985
3.7940899690000776
2.1307104792277634
3.018618493465207
0.8828008890874826
1.0838855868835542
1.483211741050415
1.483211741050415
1.0502394828427968
1.9753485200033383
1.0363405325672872
2.6409963253044815
2.2292901794594764
2.122597563616949
2.006524265452141
2.1413915066846205
2.198911663010226
2.244256284488123
3.252098401874492
1.4627530055400708
2.235282064667362
2.4753404503130483
2.7334719177242333
1.787659817195435
0.8495493996028101
1.8415679884847942
0.9599513013320549
0.7875637220686973
0.9638817868728068
0.8580106639226922
1.1337699108366481
1.0077027661346558
1.3411427381560834
1.188812321657264
1.3488512454210548
1.6217030917261257
2.1995624585828817
2.0682699342641513
1.2921413054246114
1.580317620870132
1.7971213125267531
1.8963279349882143
2.552372765773427
2.2456570427396905
0.16236640198968078
0.18903955595031252
0.37959905205778666
0.6250040096882723
0.6721485227720273
0.5129596007534666
0.35292067698967555
0.6825678344816446
1.0487714080107324
-0.27435989237479996
0.2501531665606923
0.3568457824032195
1.9620319654870333
2.002503147717608
2.388802428857143
2.381241651725491
3.0228988182099754
2.7622265843059886
3.1567109679418497
2.466783995860882
2.597767543051199
2.098982704530899
0.988143547527399
0.754767820023313
0.3680118003837335
0.16651996161367688
0.9111861520898371
0.9723705620560075
0.49160079535187157
0.6546537291550221
1.3574406240126131
2.0058959190352503
1.6858180715076683
2.4572433863820677
2.707726280610075
3.0101774247739748
2.6367345260358173
3.6392092625375767
2.502669407523416
2.5722643608229916
0.9706930300187182
0.4788081761464418
0.3781777241869723
0.4500297507227643
0.18329821111644595
0.5390769199122976
1.7843099485051122
2.059759251377987
2.7303073616007194
3.198848218452141
3.7575016799131205
3.784174833873752
2.7656455371175093
2.513601750905976
2.4069091350634486
2.4483917870324303
2.294503667156297
1.1032394462355022
0.9509392450393226
0.5783941063682217
0.14589498562917683
-0.09416340001650966
0.13258395616239085
-0.19882137070824923
-1.1323817593303638
-1.8293713971079737
-2.2914327537840715
-0.18967533448276172
0.1974278303185302
0.5879983476404632
1.2216672871497842
1.5004133904534838
1.0155025602946592
0.923461486926748
0.9071636010702187
0.8709449553050117
0.5284489152221479
0.49552024364693853
1.0941413173007526
1.4660827010373083
2.2306060603875113
0.7032134404127502
1.073192392206819
0.9322641907669735
0.7188789590819189
0.3343955661142767
1.0013995116555519
0.8556301757156266
1.1832688003748608
0.8608933198297092
1.5579854966485633
1.467102764227524
1.3870833023456286
1.493094562021595
0.2983191855573696
-0.017014276821723295
-0.6689823110052517
-0.5889628491233557
-0.7223286189265152
-0.3579321707853068
-0.27791270890341135
2.725861521279299
3.082268875498013
3.235801886326328
2.7430201691729432
2.6982322658413063
1.701080973107931
2.2179072539451172
4.249450479325108
3.446404215032235
3.5692595058154666
3.6387684886774347
3.381431724156207
3.613030087196431
4.089569842597836
3.4172131854305015
2.077090810474012
2.239949177599892
2.6682429011311806
1.0276248400811032
2.1277247455117396
2.039948294585946
1.9121850469846016
1.2651222602101948
0.7530179863991532
0.47019078550532245
0.14016232809084872
0.2131138359928697
-0.506694253166737
0.6042611251252025
1.7160729296386945
1.6669815831227808
2.3829017786544906
2.362361814857047
2.449466390390669
3.2773075798863354
2.9661850171722914
2.7760193935882476
2.66932677774572
3.8384076359530765
3.7036916921053207
4.969625636262168
5.102991406065327
4.88895317896751
5.102991406065327
4.741762576148432
4.317042569192787
4.472851481653847
4.156377939165841
3.714639289821627
3.843775048322055
2.2104434733382314
3.335609322774503
1.4042269298046886
1.4812817905001225
1.4483531189249133
1.4812817905001225
2.29963964046901
2.074889429848157
-0.15486671771440855
0.9466850759755625
1.1495598286406894
0.5054328032289668
1.0541952037626987
0.7236928476527964
0.3959840940922593
0.5117044172424242
-0.17983783240624052
0.46511480809482686
1.70189453124012
-0.2773514197119937
-1.0508728845703168
-0.8365039659528789
-0.46256202600709606
-0.6540468496338067
0.15128342165470643
0.9519958249705992
0.6312649820302543
0.9690659632413237
1.2392510487072634
1.4181288100893783
1.7291789503093227
1.7059593422083124
1.8598954556847123
2.114223429154265
2.624558089691183
3.8348753414869483
3.3969126096896067
3.637893897914547
3.2483740811781887
3.2773448681563897
2.7310066632530647
1.991853189121475
0.4666976833004036
1.140739186979759
1.164041356852853
1.5127929145502943
1.0616037024156757
1.9462460360620044
2.372353196959139
2.9344899863416356
2.4256995048804026
2.3839245888614258
2.4381193727992474
2.518138834681143
2.7448861908600435
2.4719174001154345
1.3023002013661333
0.6704080445646688
0.41703862945219616
-0.05470342994430183
-0.026029719774442683
-0.03870475991396527
0.15574604037806888
-0.021059313260971213
0.7005462692407773
0.19323855949183494
1.1749919333392254
0.29609401846281347
0.2022765283109752
-1.6657671515125079
-0.5777588893150887
-0.10644725707802138
-0.017810055850769446
0.27421657973081015
0.26434035283433327
0.02705367864049102
0.31897560049515133
0.21412223684031795
0.765308449736442
1.145534789864098
1.156822806646228
2.2493557025454387
1.3864896186952116
1.6349449714390554
1.7149644333209508
1.1398107671038114
0.4033930038061523
0.03917604583325682
0.23719807397593812
-0.41903699759821444
-0.12563230403126424
0.48792792409376096
0.5833982194401429
1.0724104901224454
0.14165461644703922
0.6870975524888939
0.6713692404723792
0.6980423944330112
1.5120824730387303
1.378716703235571
1.0362206631527073
1.358198283641619
1.2419026521091845
1.698330512581536
1.3467784044372362
1.4533358093639386
1.0721729313474813
0.6273470533620964
1.6706153607687566
1.455919985568151
1.8917181562458982
2.182309029809959
2.3071898269050375
1.3040843851885855
1.6108512032493816
2.251487499624991
2.2428055756439402
3.20783606367259
2.0966102936486433
3.1063247654806627
2.4804319724048733
1.9215607832564585
2.224656273821321
2.385348192997874
2.9092844801229667
2.566788440040103
3.304241975852704
3.3057247475649936
3.7420407027396787
3.5790458965880747
3.0932769293759255
3.6949499124329925
1.5082017093516604
1.4909233304761194
3.283906187747325
2.9021786238027016
2.704181022923339
2.409346868500516
1.7979742655865594
2.3743965131852915
2.2109040435618796
2.4153392549697896
1.9449791840376833
1.5353125646638188
1.174763534905662
-0.5461163468447189
0.3685096103843751
1.3070308644884654
1.3459677855273422
1.2948094242101862
1.3748288860920816
1.2961260190504913
1.8958105318750806
1.9336578637254505
1.558561481424531
2.286503288442256
3.0880115247855975
3.551000633920914
4.042145668729153
4.122165130611048
4.474050543523101
3.7047840400701273
4.240815360194167
4.499086877195023
3.78885414626614
4.637172655972596
4.165307306808129
1.0038661250016583
1.0305392789622903
1.1045592074801394
1.9802984444967862
1.2129291007570095
0.9570084429991171
1.3571057524085945
1.477990088782116
1.477990088782116
1.56918372855375
2.245340174003165
2.661313510439241
2.789913004871423
3.0833176984383734
1.9428198205654519
3.411379355872131
3.464725663793395
3.3140815151146947
1.781641591664301
1.6800597380228877
1.6539112445928936
1.979348513792915
2.4366500813667753
2.5596218382496208
2.2551663817637815
1.8854691330070446
2.0951274579999906
1.2276650880189794
1.5543738789459036
1.8226068899815426
1.0946930104768715
1.405820837727309
1.2999002427675141
0.7158423973106381
1.0416261635360655
0.9882798556148021
0.6281969899358545
0.7615627597390137
1.350909476594032
2.4296519936743395
3.7047369932052483
3.518024915480825
3.3414751943082375
3.112825004177253
2.585753086735764
2.062800486543054
2.062800486543054
2.1056363154443902
1.4708566879853147
1.2020081260701545
0.6976339100358059
0.5255929323245927
2.0250931408622423
2.1213986171696018
1.8317208302947598
1.7487758772664848
2.6691501771213346
2.9625359777730544
2.9573128641880184
4.230225874212301
4.379754318956165
3.5218065069869287
4.041471557929622
3.9175005632115543
4.557656258266718
3.8908274092509227
4.383819306232985
3.948720484264478
4.146649780518753
3.6109821963152315
1.2914144122925522
2.8064806297220555
0.7440550730054543
1.6469122187906784
1.8602974504757332
1.9539908483916855
2.5413180200225236
2.5976298713683668
2.383622139932556
2.361693371120414
1.176339944754742
1.336378868518533
1.411705040278999
1.1582845301394666
1.816495639809906
2.083227179416224
0.846488088787736
1.2821917215065584
2.267615168096431
0.9304907955248964
2.604817763555734
0.6660651437905892
1.0387181439968183
1.164041356852853
1.5394660685109258
1.5266960324226444
0.9364330994291228
0.08663389219130324
0.21907675941520832
1.2049170394718918
1.3460215318426625
0.10229001977834873
1.4127112209684602
0.3466640793209317
0.8563121647036042
0.9691743277231015
2.150473203501604
1.6925963490027736
2.362359405264571
2.1313873479834324
2.1313873479834324
1.9980215781802733
1.6364554625478198
1.069090295043894
1.3714208879104375
1.6696466479008427
1.9787901986091503
2.6337610078085536
1.8746599670783026
1.8788338154826438
1.9588532773645397
1.8825391779712621
2.722979967137772
2.302378792573929
2.8242659573466145
2.865650828955456
4.460718688701322
4.861468993523562
4.941488455405458
4.737497998805494
4.9995404292506995
4.307610234117527
2.334829984242331
3.9597015366206922
1.802931858018401
2.0837436381351067
1.5363990958150042
1.5831144191629494
1.4054271454662577
1.3488603019481706
1.2987345296237305
1.3993678397639262
1.4260409937245582
1.4779232747497426
0.18093142520177274
0.3404359110870511
0.8111633095492351
2.1913380779932297
1.4011361536972644
0.6024972526913019
-0.6635767517069899
-0.05665545927542226
-0.399151499358286
-0.7091043074416516
-0.6044573575694804
-0.2520899915990199
-0.3054362995202836
0.45405604387270027
0.9285210524840408
1.6836977219801286
1.6393014343360095
2.014061678567992
2.320809753339476
2.0626959530785136
0.18657481790734476
0.4784967397620051
0.9042303048566483
1.3524455440659602
1.3420515311456471
1.0107995057283268
1.0770209393402792
1.1652811805326153
2.290350592325056
2.6271948697278873
2.4047233096782845
1.6522228028598165
1.7107035222049194
2.2551948649344213
-0.5147825648078687
0.4008946701219458
1.256208587294714
0.3061995960965854
0.39382261463073914
-0.1367796364111361
0.6057666090380951
0.24859109896756093
0.3747359307000463
-0.16149303704400497
-0.1249417391194948
-0.14258718577248886
0.20416381571572484
0.2841832775976204
0.14178980048682344
-0.8414001167949245
-0.3258358549809609
-0.6732398518819378
-0.8303132322211488
-0.7135082671498032
-0.40340646076363607
-0.6434648464093226
-0.8050052867016146
-0.7678299371281698
-0.19435032275036745
-0.2300511840186369
-1.918104974625293
-1.9390570488498597
-1.2885090346046217
1.408141675712968
1.6237066774797686
1.5752959734315972
1.6966282485820174
1.9439208330947542
2.4232664491435103
1.6877396487490628
1.829589098263128
2.065100716816522
2.8234653470495514
2.6725553921812204
3.3238208388920056
2.962102135505052
3.3407546690753267
3.040932023734774
2.5666971698871315
1.5451205688817893
0.9505198170803949
1.0682993174966975
1.352753990786503
1.3180807472525973
0.6302977325775987
1.3084940112297874
0.8849577529371512
2.016801200627589
1.806913698021228
2.1474274483711513
3.306908736691835
3.2096108959343987
2.4663127430054104
3.309420877756195
2.8209757478664255
1.7699933709841185
1.5899639514012964
1.2722897740966617
1.3921926361580774
1.134547424916307
0.37248831159049967
-0.20721555618359322
-0.42060078786864785
0.7667649521222011
-0.5135464379881273
-0.13103331253859046
0.5684588563126101
0.7662578186108083
-0.4022559925064123
0.46508296250374925
0.49568122187792557
1.0024711471299304
0.4414120113774078
2.2752021679858236
1.8406929820481028
1.8940392899693665
1.283549710815094
3.000619025176733
2.53943668527838
2.5661098392390116
1.8545524216473088
1.8726078362625842
2.192685683790166
1.7786349445407206
1.6252786789185305
1.7534450405335944
2.0268774597573285
1.997580355974224
2.0049042122010037
1.7004487557151646
0.9002541368962094
0.7135420591717865
0.9207967139417852
0.784475192689134
1.022294707891395
1.5734809207875189
2.0254417664059705
1.4969928720581167
1.1457359220724526
1.5889824186473953
1.1805567506395214
1.4065812169701852
1.6986154826588251
1.9563970019879986
1.453465026979112
1.9635992402429334
1.556793625486197
1.6771835999361768
1.6771835999361768
1.7162959758114005
0.9961208188743407
0.5714137316763032
1.9581068600734894
2.1869212310536317
2.597974381485875
2.597974381485875
2.597974381485875
3.048723496154049
3.031945270333824
3.206033632432077
3.3224655720519145
-0.772427776049639
-0.3997747758434101
-1.5428848325059508
-1.7792226946247995
-1.2759314827885586
-0.6883329170847132
-1.7509434016130905
1.6235111839401528
1.9207738277502218
1.7794079683737887
1.386929877203148
1.46864637624392
1.4682104724678229
1.8935761319950364
3.3782363559758726
3.548732035982522
3.8280468955925873
3.9561842872743167
4.672104482806027
4.970737554494407
5.344814705356016
5.274190018559211
4.975751667138926
5.160119190282794
4.110122201833068
4.901179974944999
4.249038782705279
3.6287883417551323
2.5137691922556593
1.3792908366597314
1.13210238166082
1.295241285901578
1.6971959893449466
2.557554261802195
1.8505424041986027
1.7438497883560753
0.797414274043272
1.5802174368693873
1.0409530102945568
1.0142798563339248
0.9876067023732931
1.477990088782116
1.8376162159610188
2.3227044102160397
1.5430380478223036
1.7354712052827916
1.2550113952211208
1.4389517614936989
0.8353267040063318
1.2003574027440918
1.1966520402554734
0.6982555717145544
0.8112159343573795
0.5769235229984095
1.3796805261290443
0.9565302952278091
0.8027286226023089
1.5921392231906806
2.386927531720067
2.1714252777261707
1.7259867471271342
1.966045132772821
1.3788460818517854
1.5094401402031008
1.0211909129090886
1.3568992046240813
0.6063074592887061
1.3287456862128066
1.3626477745040955
1.0675513805046024
1.668356994629881
1.5349912248267217
1.5883375327479854
1.4797693013957522
1.6727270002329266
2.31595452196202
2.119503120460286
2.293432092492844
2.5110003576746305
1.6161900104865399
1.5451205688817893
1.7162023082549087
2.2342382932499385
2.1099588518113275
2.2870679138458425
1.9607882714807516
2.2264990547591936
2.3152238395187643
2.368686613539642
2.0613178950931434
1.9783608172997222
1.3544537676228698
2.080770110983101
0.25400058494374333
0.6381541871162618
1.4412440799983284
1.279949912642959
1.0665646809579044
0.9564185192557557
1.0211263954616379
0.9706881070796215
0.7242106321497339
0.7242106321497339
0.8456069175235473
1.075758579083851
0.4988559160353333
0.6517416056897711
0.827961470870553
0.9880003946343442
0.5221669854436772
-0.6924113660718237
-0.28954186696928574
-0.5846831812354213
-1.4402246641848682
-1.1687203786762619
-1.364488524462121
-1.0345614767344886
-1.3460215849167143
-0.8168418278632255
-1.0715526982216466
0.628685145011111
0.13084524003625064
0.2108647019181461
0.5450273078233019
0.6489193732189709
0.7852137295236385
0.72291740132523
0.9638242629874745
1.8105071582242898
1.7180484744278026
0.7121634606898951
0.15202722751662667
1.4169443636597707
2.0809918196183417
1.645714887103528
1.3575505072165408
1.503791402710389
0.8842495559135248
0.9039194994909193
1.1225331092974034
0.5232879539149073
0.8558015696910849
1.1277614874188326
-0.5316175352624686
-0.27592297797166476
-0.2330871490703283
-0.12491176151551131
0.2470296222210447
1.5132356436217902
1.719391940976188
2.022453396548366
1.3477198283553529
1.7402563606331782
1.4143771657434023
0.4519562961763295
-0.34220357727524775
0.3456466630211473
-0.3787834553212623
-0.048721196677804834
0.9871830629521141
1.4478393349464147
1.3678198730645192
0.8595284763831937
1.5707483485067153
1.4487441469881746
0.7366731855999622
0.616016544877886
1.7886731612246074
2.2375736435072207
2.3022789064649696
1.8350883234111803
1.4237719408284932
2.3329282283860406
2.178948610324581
0.7414159813362835
0.8481085971788108
1.5135892090044447
1.6364982225647449
1.5298056067222174
1.7961835809458815
1.6436274404996427
1.60170126849141
3.144032999508468
3.9175544643667912
3.6603062642872524
3.528770415780148
4.535126542482164
5.473014317123524
6.1736229269792195
5.903137543105356
5.962786429112026
5.872310210987271
6.30430905247881
6.30430905247881
6.682961586049086
6.736307893970349
6.532317437370385
6.692381311236795
6.187616892296636
5.828307520907296
6.000279108309059
4.690548075206661
4.664364918917712
3.78558430716682
3.0658991479014435
2.788130625979611
2.734784318058347
2.734784318058347
2.213341908093608
1.0538555940343024
0.7674215470989636
0.9941689032778641
0.6734380603375194
0.8721620885111905
1.7763494182542043
1.8830420340967318
1.8030225722148363
1.8900129968194308
1.5075611340629471
1.6631713765253768
1.7492206320744308
0.8904513272127823
1.5643867831078464
0.5129596007534666
-0.47394709578991134
-0.1638198581492213
-1.32118998703871
-1.1150256934243294
-1.0707070928107034
-1.0428512212620433
-0.9718594666877853
-1.9764116098841573
-1.4339208233638832
2.0341260999794977
2.5942623331527663
2.7928350639417143
2.002497928729924
2.2812414187854904
1.560879487107464
2.5320438722472294
1.9951272471749713
1.8646002474773204
1.118119004357082
-0.10884607783198252
1.1815485692002388
0.37479731452026976
1.5138548957080622
1.6100907553077306
1.2724260821840647
1.2190797742628012
1.0323676965383783
1.2181775754691744
0.8995637548376713
0.6848607008457669
0.6754659257606759
1.4756761975970034
0.8936195091254929
1.1737131732256572
1.3262928726222343
1.2729465647009706
0.8339743557652541
1.6074447580766824
1.8266934969097286
1.8930821489545169
2.376679270851488
3.060786498742826
2.7234302723397024
2.7128527796665822
1.9211984794899264
4.001843311384237
3.9564009826381326
3.307759908457866
3.537325897964627
2.7905151389334266
3.22218770419192
3.28929748738516
1.0677274099895095
1.2065581620099783
1.0413604768324483
0.3612807735234589
-0.6639860182687058
-0.8852731109502516
-0.8205652347443695
-0.11098549922824946
-0.3515616693708735
0.8684204499143748
1.172785371130446
1.4893455142157035
1.4198791656607812
1.7094323407962018
1.180725357253468
0.4872233542770401
0.821099230074565
0.7550826901784491
0.792700686083198
0.792700686083198
0.7128311822337763
0.7602578888679905
0.39078324158908784
1.2046737988910943
0.7799357090544484
1.3380395686942534
0.870900012880461
0.884595951363512
-0.018226536231043144
0.061792925650852315
0.12405170198276946
1.6619435205134803
0.8647304935143871
0.7847110316324917
0.4536784214568588
0.031899191793474474
-0.7288736719276695
0.21307657724711285
0.7296085669469197
1.1386183447670506
0.9513221572303705
1.059484718276755
1.248676358967264
1.3092648492209376
1.2649462486073115
1.4916936047862117
1.0649231414161024
0.8929753372019055
1.3157962924020716
1.5543638821378274
1.1931570750250748
1.033118151261284
0.8212237154861604
0.8742362094182186
0.18456739953243972
0.6996856833828409
0.8506806150704704
1.3179651699232764
0.9888596150880565
1.3973398039821459
0.9551185071475503
1.346160589904217
1.514932491910349
1.1429991323714344
0.309878039132248
1.1441015934059444
1.1707747473665764
0.5411965449845317
2.561431595248148
2.2987485179402327
2.272075363979601
2.783828249472316
3.2283218465259127
2.4060519033855132
2.862454380889516
1.319487435943585
1.5132349225526576
1.221528788529965
2.898838698029613
2.4468858766088024
2.6779942419773444
2.362672490119665
2.0927204149165233
1.7321713851583667
2.2170851018956435
2.9989349253523625
3.0522812332736264
2.8565414482415656
2.399567168317335
1.7695486161761724
1.846796366606224
1.933141898942791
1.9442287835165666
1.6826022070608286
2.1219908409638446
2.1927466385945236
1.5792640974999916
1.3917020180303386
2.4634251219015155
3.232691625354489
3.617225532458956
3.654409165439515
2.847796594846958
-0.3295808087453945
0.8576954306713617
2.2115395271177425
1.2459216957920183
2.4649101744200177
1.3306952273974222
1.6009882628679544
1.5054648038166443
1.8794067437624276
1.44296452220764
1.3663184016351986
0.43094114949860884
-0.20986754096931792
0.6880696734150199
0.7414159813362835
1.000516614909647
1.2896379863174487
-0.011103482266600073
2.55339745866114
1.8050476763341283
1.199769327001909
2.8492712241208964
2.198555376326843
2.7820172653854134
2.6773252057521133
2.3932815242605536
1.2938088346004393
2.627466532632032
2.3994288162342414
1.9235400210732834
2.2363969305301916
2.423109008254614
2.9432610580004654
3.257715503601813
2.575264328227955
2.289080572731679
2.213833856752071
1.6243786051029427
1.752585613492363
1.2372892190956541
2.032233012862659
2.293613846896159
3.111160909580472
2.049001622745297
2.2187937932023587
1.4513169348214843
1.4653453859351497
1.4758021421780083
1.637841622151027
1.4778026983872359
0.8089732931622124
1.0754530161395341
1.652867628188344
1.5022234795096434
1.9200439226026083
1.7237863530736102
2.196953660297066
1.5567979652419022
1.4466220214778573
1.1830546052340036
1.1410698655973581
0.1257374170346779
0.5419814827587275
-0.08764781465037708
1.2027198842274953
0.2729012151077801
0.4724884185228918
0.6832678903652363
0.3365168888770223
0.2862914984413243
0.3929841142838516
1.3218214307226404
1.4156697065682595
0.8232081235135824
1.8400244607207128
1.6262543878064557
0.012977646908794105
2.258600716621931
1.4325077659647811
1.190448824109867
0.5221669854436772
-0.5399546126595142
0.1586818017407528
0.6971109805871969
-0.2917962721654086
-0.13123956390468006
-0.13123956390468006
-1.1061255912001613
0.3310164335116949
0.6678886384275804
0.6412154844669486
0.20338839682617582
0.45924779189101494
0.02573238716318882
1.3576470654966244
1.527342341990916
1.5356460526997895
0.7578659943919511
1.616865722097322
1.7240916571894844
2.920128624012567
2.873037833705881
3.0482875598977874
3.700879023201547
3.1978160046416515
3.1940890979495418
1.9280150935512503
2.803668481798364
3.538880022439242
3.937494560136429
3.7872425671397094
4.15171670231141
3.9383314706263555
3.9278209916064277
4.061211711512206
3.794945219474951
-0.3743653117944663
-0.2571304240949093
0.4807602054775622
0.22835577758044212
-0.2611176989066576
-0.08431234526761772
0.5108254004646791
0.7782099354837603
0.0018368251515186174
0.569185712988347
1.8542940485445787
1.8009477406233148
0.9717977711934114
1.7285348994322822
1.9441725039555613
1.287100355299032
1.012283652648869
0.42587737952868837
0.8393368134320117
0.6430379996847787
0.9070123036854956
0.7898919015334436
1.1032493384929654
3.034531775623055
3.724290592240277
3.330985573957267
2.890193885130033
3.639701853200231
3.2083935038997766
2.8008134111727463
3.02465539910066
1.9186203184661597
1.9186203184661597
2.3844997040454956
2.1335070215805345
1.534685683997386
1.775272124356314
2.8147237132752267
3.2196179681306076
3.2944090518910736
3.571527731032561
4.03487957295772
4.244434728305062
3.36682765309338
1.5678844076883105
1.9521992454869836
0.9486033707073147
0.9486033707073147
0.6938925003488935
1.191902223034988
1.469637676168272
1.1025711051704907
0.31088640916223587
0.6471269316305222
1.1559174130917544
0.911057920789982
0.6491274878397495
0.730629721433935
0.49405897058943005
0.38736635474690273
-0.19867570578282895
-0.011963628058406173
-0.21169970391825899
-0.27169983098610895
-0.32890279878071393
-0.09826696830867798
-0.6331844584798061
-0.4998186886766471
1.4058346120041492
1.3222608210147346
0.30717949908140413
0.3934544785778772
-0.2778402429803978
0.04223760454718428
0.9732190380725652
-0.07322290359420613
0.20253634331975
0.41592157500480476
0.6026336527292276
0.9227115002568097
1.8917181562458982
1.8917181562458982
1.9450644641671617
1.0115040755450475
1.2782356151513659
1.9366491911177328
2.0009835186353397
2.3262897442843515
2.273336699608273
1.2326477913675342
1.1401891075710469
0.9793001820620256
1.5624164358930281
1.6691090517355556
2.0011988497123854
1.8663690530131478
1.823249028410999
2.367740371140501
1.044075367631899
1.659539720119448
1.5774032359287105
0.45977946781997703
-0.8586571575671955
1.2393904208332713
1.3223754261397465
0.6520930312643294
-0.1445469391002524
-0.3832174941998948
-0.27946249426889314
-0.24417160096290502
0.36069320078627076
0.2269603632056585
2.1201959921137483
2.325383112528314
2.095468138125102
1.9448239894464017
2.077385113315031
1.0146177061641257
1.9079437687768563
2.1309853531924117
1.4687856096623508
1.4523972107742278
2.2638055966751973
1.419256911671588
1.365229247583763
0.5469508533957341
0.24218459154416572
0.028799359859110862
-0.47373560398754394
-0.20673818237289743
-0.4298571008403623
1.1934681138497671
0.6046581705066392
0.7742425860750053
0.9899616787370409
-0.029270367687745824
-0.0025972137271138562
0.47678059171388887
-0.09238334876701748
0.15670274418630692
-0.8105987523763141
-0.6505598286125227
0.7993015349775341
1.0260488911564347
1.1461062827810684
0.6814703970230944
0.9619999648993558
1.5033466479024427
1.3757822254614773
0.5803637519534479
0.7937489836385027
0.726604647447296
1.5355723796725937
0.6463305916641052
0.833042669388528
1.8765566082104312
1.550621544600281
1.7697632091200062
2.456190807328995
1.9305618660804982
0.776055468641677
0.7836162457733291
1.810943062000387
1.6109199548091782
1.850491341651708
2.2850005275894287
1.5837598020453894
1.92929950582407
1.802918695033025
1.9981702973676656
2.4839392645798153
1.5977054511423112
1.059083610515935
0.9904257169186581
0.9520374292907534
1.0236746314190157
1.2112585491757977
1.7500359769474712
1.637106109966653
1.3542789090728222
1.5309004929272827
1.850491341651708
2.461598939317405
2.8888594003591965
3.627222738548807
1.9013622662347147
1.368103821739483
1.6992393055710995
1.2747232473971124
2.2986320127087465
3.0894318564426104
4.063133571303494
3.662062845177937
4.467485842118322
3.994822884211166
4.553270455633537
5.1228307953981105
5.55482963688965
5.581502790850282
6.084587353613669
5.992555941282525
5.16581735551945
5.290698152614529
5.47318021903622
5.477900228010634
6.139848409357924
5.988288603372485
5.093336597882242
4.998576645677689
1.1831892483866115
1.8501491409534174
1.5076531008705536
1.5076531008705536
2.9574954190623703
3.185195357233403
2.9845618362681883
2.8383209407743397
2.251511553640439
2.2482910180436164
2.0882520942798246
2.0649228908868658
2.390229116535877
2.834722713589474
2.9147421754713694
2.035765470684931
1.6273743987196652
1.6540475526802971
1.7303401078700837
0.8973274375550846
0.4203145706356189
0.9734210868583624
0.8371909521281556
0.9371879528896611
1.4426850513510792
1.6767783529988924
2.5764859357556356
2.632500956337109
2.7189437693823977
2.8887220169235
1.7881368707363134
3.208799864451082
2.68519426884561
2.7547032517075785
2.220266755778862
2.8687508094324228
3.8833040766525118
3.441029333144251
2.362465340671967
1.9807474226673325
1.6073232672184867
1.2402588662981122
1.3231728172866237
1.5986954240134126
1.9980215781802733
1.6631286165084516
0.9976023001761898
1.5030896927446604
1.5712511148101636
1.9817757935252847
1.7624447620719217
2.122070889250824
1.9759534087278252
1.4734184448811707
1.4948632207203727
1.8139203119200782
2.2317506515148686
2.9069078591290616
3.2065802994963093
2.0006361753471
2.4555812641071615
0.8529135296024155
1.5502673734460046
1.175216805868317
1.4702104670308676
1.069460162208627
0.06258663239347773
0.16257292754714453
-0.08323571043367595
-0.17983783240624052
-0.4822702332808283
-0.6423091570446198
-0.7552635916633703
1.4460645026846066
1.5011856428676784
1.2683477620519221
1.5041511862922583
1.3539910591007958
0.9138584712368405
0.5937806237092584
0.7804927014336813
1.23445410326136
1.9096113108755524
1.3171497278208752
1.6533902502891615
1.7243820048634195
2.2331427042627556
1.5125272278466766
0.8935905846832956
0.8658848417299477
0.7591922258874205
0.4818831936079826
-0.24775557441281182
-0.5811955464342399
-0.7207308634143691
1.3373876102999493
1.6364982225647449
1.727879252731259
1.6754404081400152
3.1759345315905287
3.6250224042680226
2.9722354474246466
1.8402931726707203
0.80828155932915
1.7214739853241716
0.6370436967122456
1.5503101334629297
1.4171961802887674
1.93639635752203
0.8578613626612277
1.6444658394980962
1.0903742128022762
0.3968722098258485
1.3133287544517178
0.05074809112386225
-1.304429392660107
-0.8771411447930599
0.662230402685757
0.5682469159243126
0.9465458841119334
1.0898960650309684
1.2452416986733297
1.4873123979441931
0.3593205990552042
1.0339171925210173
0.5468933295104017
1.831074620705947
2.093522838153117
1.549031495423615
1.8669390536438402
2.6813253929937897
2.675069875379212
2.737961675105051
3.180894813415864
2.2039808113954766
3.1290312772068902
3.1647321384751597
-0.4096002706272902
-0.2133427010982922
-0.4957434811382773
-0.46706977096841806
-0.2803576932439952
-0.5174505354651018
-1.055879714311546
-1.9592495321099508
-1.4450879520677877
1.2457956882403578
0.7602248148801364
0.7888985250499956
0.7355522171287319
-0.48675960212297353
-0.9189188406148159
0.11230645654218796
-0.3500871810656979
0.4396829291709369
0.27450419172740514
0.7890911365523552
2.1695991501698733
3.470845961123193
3.374663824300594
0.9644992201550643
1.2695608226617425
0.5086988131655402
1.1826342690606044
0.8247090896826524
0.4779580881944384
-0.12494696022697449
-1.0851805028097206
-0.26863040769447843
-1.6346289372766274
-2.0454140453924667
-2.5888277344919963
-2.633049343848446
-2.108536284912954
0.48701848124361824
1.9141638134352426
2.7695182266080964
2.1069928207765773
1.8911797614169519
1.517755605968106
1.1747315111720007
1.6275482022876
2.0766360749650934
1.3457576636722623
2.4435766687814677
2.3143195648534047
3.419605818527465
2.7837050848776506
2.8370513927989145
3.1477398674973074
3.22619887063642
2.0739627199300257
2.5616527875705453
2.8303848833860905
2.225412265102259
2.524576623682375
2.4292455761244653
2.097806160312265
1.332794618264642
1.9024236063146118
1.3362719063651125
1.44593006563222
2.641624164221465
2.6625312243106585
2.245618244547714
2.531478002519316
1.849337567827507
1.4127785852023407
0.9451538923557069
0.44739167441133976
0.5984028908674932
0.8945922162551696
-0.4242046669441547
0.14495927353675175
-0.6909362065504732
-0.38850380567588527
0.8741621377814494
0.9255486923749497
0.4680429342384926
0.0453346116740988
1.202906136561953
1.8846755225285061
1.7836888253838241
1.8825721507134825
1.5833661097843383
1.7829533131994502
1.8629727750813456
1.653921960582499
0.770923248060922
1.1804153325554907
1.5628671953119737
1.112416539921492
2.7419755580726632
2.28079321817431
1.967936308717402
2.6086347383721225
1.3268771312800218
1.0771634049372052
1.4024696305862168
2.1614420072278357
3.212625854249497
2.9344319631106623
2.923476122087897
4.074322071565623
3.5089385673556954
3.133513855697622
3.6208595613196515
2.865491955872414
3.278900294748678
4.143388343713014
3.640853379866359
4.040401090359104
4.639667789945092
4.250080959555541
3.4855431838756306
3.763200301502575
3.4859995126460452
1.8247170362548817
1.9202957392316051
2.2149654768234086
2.7561672786036575
2.6555339684634607
2.4688218907390382
2.283032715593869
1.642877020538705
2.002503147717608
2.4343145988142663
3.0827986524678277
2.767949183061675
1.4702906715810342
1.9758584588430914
1.9684003468990197
2.001329018474229
1.8883808850171238
2.0357644260151524
2.6417020315143365
2.8052285900793095
2.9864524767933234
2.9864524767933234
3.079722792968412
2.625048990592375
2.9884530330025507
2.4643509658653047
2.316084111480299
2.2748383376940233
1.3425395394307662
1.2467981230848775
0.7067448535652434
1.185464823581934
1.059069836239095
0.9221087532565663
1.3872092795270354
0.7569110680790361
1.0604136879697974
0.9441369493525927
2.292175715604765
2.201221956903595
2.608531920976632
1.474126721412563
2.1558191663515247
2.3897280821669256
2.78629397842391
2.179603728455845
3.678289963582778
1.9839007095437997
2.1706377373708414
1.0442725631036103
1.173690044787925
1.173690044787925
1.1542560953742538
1.7373532557023608
1.929458161323749
2.1288840254707564
1.3937929711415595
0.9936956617320818
0.5840290423582173
-0.07447144805918227
-0.5363158899113335
-0.3139029509186412
1.822765545481222
1.6808933065333587
2.017133829001645
1.7239809520636915
0.8398591164624403
0.9036621350778534
1.2504131365660673
1.281153861537169
0.6684553894691295
-0.42152369044790194
0.9298571412671772
1.4354357688096488
1.468528012054482
2.5655808703000087
2.6693079427179556
1.5638009167966964
2.1256406939294545
3.2561173298518558
2.4157813847941325
3.4110164399359064
4.194266063441319
2.9490904154303488
1.4910128352997838
1.527342341990916
1.6769962095412967
1.4538477583642304
1.1595396564778837
1.0754597905978496
1.4631535338705612
1.335918340982458
1.9579247342150023
2.642471452377892
2.172111381445786
1.8232598853943052
1.815603679598305
1.8556991332263757
2.5091871707134894
1.1460046732473474
1.1726778272079792
1.8178270404126302
1.9658452949285243
1.077013474882317
1.3641626508346896
1.637149708055586
0.5703374248714411
0.33779959864702647
1.5392003818073086
1.4438693342493993
1.1356495265382096
-0.3730114744282375
0.8135711228014001
1.490191944738249
2.50633570550195
3.5055065960560867
3.5293791995698593
3.219072865211835
2.979014479566149
2.548396597812988
3.0947348027163137
3.7702590781079586
4.058693365161438
4.032020211200806
3.476138939432887
4.697366288504313
4.944671894200994
3.4494665360312586
2.5617598883533588
2.460232036293191
3.591444760546669
3.2032826803084298
2.3265515592195207
3.556959868688775
1.71382055680047
1.6217891444693266
1.6751354523905901
1.9810296369832043
1.929458161323749
1.2838483641997365
1.1466259345232361
0.8798943949169178
0.9280412946500864
0.8597106022416805
1.0184943424944293
1.5076388210934402
1.9967832996924508
1.912533826507824
1.5721303063899985
2.3006338219254543
2.3988664151625194
1.892537929299339
1.795707911356779
2.277855309844857
2.2669367592105365
2.030130533555913
2.2018650878168198
2.1231238292431565
2.7887311454645944
2.831009741324955
2.7944739894643558
4.257688975533694
3.4622154161029743
3.7318847545036404
3.700234965235245
4.434857418622826
4.476114229871662
4.583297893799695
4.795591540163478
1.419391348723975
2.0020343388942137
1.74606509493682
1.7290487029814157
1.7480656511460473
2.081881799605759
2.585343119697664
1.7903553347966477
2.0570868744029656
2.510530491733707
3.1083965031382714
2.69483628598705
3.513722190669178
3.8657015702788216
3.8657015702788216
4.061833373190955
2.557612606604939
3.4069148032437777
2.864869422337417
1.6434496617725918
2.7023939521004063
1.3510286551380246
2.201645812021824
-0.18967533448276172
1.03955188156094
0.7846783817710137
0.7361539376748949
1.2153057217509153
0.7422458836198487
-0.13810340799682724
-0.3666275971611562
0.22851014857114038
1.3186557348350458
1.0695696418817215
1.0872150885347156
1.7098030239673785
1.3843202194572564
1.8731414709665413
1.059083610515935
1.0971183327611853
0.9598959030846852
0.26864569205624717
0.3282475175920883
-1.0246885538780892
0.13828026179357844
0.11160710783294647
0.4624154101153267
0.8478541292615535
0.9417024051071725
0.4215503553613217
0.0637710903562429
0.8378103397115038
0.714955048928272
-0.04292152548628453
1.5298056067222174
1.2877466648673037
1.2062742133350144
1.2176357816196326
1.1872572651703828
1.0805646493278553
0.9795832167195668
0.6693628527991498
1.204327403441107
1.278850390905479
2.442642957412663
2.8479686449435704
2.8375118887007114
1.537981158013969
1.3853822006150243
1.8646985683940396
1.5564787606828494
1.2967033709889395
1.2637746994137302
1.1409194086304988
2.1706619340752127
1.9412644844163134
2.94191814668274
2.949420441845884
3.0294399037277797
2.9856777185811936
2.70429369426214
2.4802614773310045
2.4273033308350027
2.626027359008674
2.2766591821563025
3.064265438447693
2.0146363846193838
1.9828044692450129
1.822765545481222
1.547102236968882
1.8601768741132267
1.8465662362381636
1.2718694692160017
0.8329863857341537
0.9363731858503792
0.6677671730457762
0.2662730623616161
0.7124957416216835
1.3514401389673143
1.3563764565392253
0.7624321017722583
0.4259073836031596
1.5628603093873386
1.6712124235505796
1.858402041851418
2.0031293799391956
0.6826529581931574
0.3591215648059541
0.816009247759118
1.4634238758042877
0.35842219225229943
-0.47747328783492493
1.6913512664517227
1.5707483485067153
1.2448132848965647
0.450663272555058
0.637375350279481
-0.056126652696946944
0.12966252244822185
0.6631256016608588
0.8231645254246498
1.0878362913048771
1.4493997936891978
1.4760729476498295
1.5517314003420837
-0.2088991534714003
0.48540714230251314
1.6380049585304588
0.3535237759020684
1.1118827611530926
1.6327765804090295
1.958082806058041
2.294377051303396
2.0852467810236917
0.6736178142044997
0.5669251983619723
0.21041749651449126
0.39712957423891415
-0.7423622326840371
-0.6226739794598786
-0.4197992267947512
-0.25482398545904894
2.2243695908564134
2.144350128974518
2.0324291350105614
2.0075308133117375
1.8973846516095891
2.4275211124713154
2.546313460071095
2.3357669984915486
2.3891133064128125
3.9315584064902724
3.1008284407444098
1.2100274714798087
1.3172100849940183
1.8266618097598057
2.434153792681285
2.6637554220841126
2.5519040448278463
2.3684197890156256
2.5951671451945257
2.4979410044665378
1.8060950540075889
1.3970987868678615
3.3898388313611107
3.2474511785989346
3.484695744241732
2.0491434871638567
1.076889275333213
1.7912108903238608
1.8445571982451248
2.41566067460027
0.9326936511491248
1.1935740686845162
1.753710301857785
1.8160843170866865
2.8076475648378207
2.9357849565195506
3.0062202956267687
2.60266944035767
2.3892842086726156
1.0036028021710646
1.1897936959899114
1.2335706939467883
1.26024384790742
2.1039118517912403
1.6081353229884516
1.9410882962067226
1.9677614501673546
0.6109620113276238
1.882323381160807
0.6316781069513705
1.6839277198950857
0.512699785744692
0.9489374488137867
0.9570084429991171
1.3090737930463676
1.3433077241386517
2.03680972711508
1.62915164057395
1.9774041134914846
0.8570586174559556
2.0661966887797223
1.586079917488349
1.1361950528585831
1.162868206819215
1.086818745634335
0.8911566476327673
1.2798882275474441
1.1964152198059272
1.000675434773867
0.9079809327524485
1.8136568697043978
0.8027392104447852
2.059032672263503
2.160566526692291
2.084802026215746
1.8979676210399337
1.4782715741727337
1.817134536541571
2.0189096865607903
1.2987345296237305
1.192041913781203
1.612753071448981
2.0705550466811027
2.043881892720471
2.0705550466811027
2.520467250859351
2.375739912771574
2.280986824884195
1.6226678986790994
0.7740103788502488
1.1898250011975926
0.9917816154916633
1.5096438478660483
0.5382650973268983
0.8721409731244234
0.4074875521986136
0.2853315859905229
0.07579377268851928
-0.24428407483906278
0.48466419550433915
0.8378063587636999
0.3858253493766023
1.5369906624070713
1.6379621985135338
1.5565530482782526
2.338492554805539
2.117223719330034
1.7802174410089213
2.348147594902074
1.9828044692450129
2.8096722420246
1.6168341271803848
1.645011599637701
2.4389472465798234
3.8006569931025256
3.4638668717175065
4.602729840679319
4.2710647009197
4.176829397529259
3.911658316665723
4.008805440703676
3.940147547106398
3.8334549312638706
3.88386547782245
2.9846181199225628
3.1179838897257213
2.81681852226255
2.2601652487012234
1.3412573447918437
1.2303783980473435
1.180485635985701
0.7768174162367714
1.1885486700590506
1.6991965455541744
1.596758891116997
1.9879061802493299
2.0064545842509496
3.2840124843852485
2.8633725979301943
3.157831821214233
2.2150165393703034
1.4339342973803284
1.2120141815394136
0.9986289498543587
1.2515624611907343
1.3049087691119978
1.2547829967875577
1.6488210004947037
2.048918309904181
1.2148018122286652
0.9644992201550643
1.2428876687011106
1.0260488911564347
0.8358832675723906
-0.06112118371888198
-1.2973910896076266
-1.0510049015727705
-0.8889654215997524
-0.27548288050521996
-1.1361587748785054
-0.6887499029151427
-0.5378817716756953
-0.29156786841543114
0.025810074193681642
1.5368401508394696
1.0091431654982708
1.423764476370531
0.4308711196907502
0.9698087849392197
1.479660640363328
1.1171707817337573
1.90174300951097
1.4495644362050821
1.4771604927449677
1.1938462930479803
0.6870563677959752
1.2115694267314674
1.3076845499008751
0.6564703486353656
0.6502775787936923
2.274586480416205
2.6924069235091697
1.6731748770843833
2.167335684454316
2.9004495117330342
2.5186969976857925
2.1369444836385507
1.6360364758302763
1.3147575138182195
1.2489538934448698
1.56587353576794
1.5772351040525583
1.3070500185866187
0.8998461022978731
0.8998461022978731
1.4630823159481086
2.659281912202696
2.116394726398754
2.2939404080992074
2.2468496177925212
3.5286970753747777
4.325509366256565
4.070136781686732
3.3217869993597193
3.7981768639589832
3.5847916322739293
3.4195243303887084
3.558118478313297
3.5485343555386195
3.4247527085101375
3.040394256242018
1.9719753451860724
2.53363799989128
2.522601017575766
2.719569357023646
1.3556465092873973
1.2222807394842379
1.4567772497024656
1.2534518940363584
1.7318492534282743
1.7051760994676424
1.4369430884320034
1.8770756762959584
1.7575489906728268
1.8375684525547225
1.620201620296805
1.223557856746949
1.3307785273027175
1.196884702786317
1.2813413974602166
0.9612635499326345
0.1854499188712474
1.8085543613141777
3.093662696870409
3.2803747745948315
1.573891591111297
1.774561838785539
1.4972974355899393
1.5710322971816792
1.8357050558512251
2.175280869324103
2.3086466391272618
1.300568527577169
1.277627603614729
1.4739960340696525
1.0437720248399218
1.0932616728878444
0.5044491162965836
0.7674537492107931
0.7219415792536692
0.7674537492107931
0.8741463650533206
0.688360643574148
0.39430295459443493
0.5085563475686143
0.9353268109387238
-0.394483468709817
0.6788338514866035
-0.39094395241258817
0.13400920398934824
1.1915471815254677
1.5951691296291228
1.4353820224943288
1.4149643861482741
2.0864935585722586
2.402844499407732
2.4295176533683636
1.7664157110446763
2.956843381207629
2.6863936537078503
3.291142896426333
3.1941048706776707
3.3007974865201986
2.233871328094925
1.6724980455591842
1.9392295851655026
1.633266521697425
1.887977392055846
3.221635090087438
2.4795844751946534
1.6950032918997475
2.0543186656577097
2.6172512880676537
2.939329691804463
2.9203127436398324
2.535778836535365
2.7568202740164196
1.841541321374563
2.188292322862777
1.7720993521657868
1.78589738043573
2.2255429694965283
2.545620817024111
2.2965347240707867
2.8347954992883295
3.119740170249817
2.7517286668223697
1.7486232251059182
0.6028219308814353
0.5761487769208036
0.35170692096508566
1.1461638066664006
1.028109622539255
0.8794322670600823
1.7971111250512628
0.5299316869344378
1.8598522080576174
2.0613793999262797
2.09941412217153
1.7045576694423155
1.7473934983436514
1.3263891288449803
1.0561742613171448
1.1683169982807167
0.18810414806799558
0.7035118126653571
0.7419912897185532
0.5038486022453348
0.9955114215505103
0.775001360258205
1.4824143499035378
-0.09891996372144063
0.6984164949668471
1.1832776514067096
0.2806737389043753
0.004035475212674167
0.010454564496875207
-0.5818948951434809
-1.0886848203954862
-0.9819922045529588
0.30346745074829473
1.5525804600152822
0.9392853093156299
1.1793436949613165
0.8891057949193074
0.3689537451734566
0.16547567081452857
0.6695710934039665
0.8324105676146158
0.056937028325991845
-0.06652201739178454
-1.186794483738322
0.7584125395083567
0.9361745969556348
1.0857567644765669
1.1237914867218173
0.7202406314527185
-0.24612610129321688
-1.273857938031908
-0.33926198041591854
-0.17922305665212718
0.2652705404014692
0.34529000228336465
0.5068116977594456
-0.0019787837017866683
1.3438012237037755
1.4760511859093346
0.3317121691096964
0.30152131070674004
0.11480923298231718
-0.376267765958177
0.2455431337347517
0.4589283654198063
1.0744074051761463
1.6843722418283542
1.7945825621132059
1.1675079243188284
1.1724670502510008
1.6451098964458852
1.488254863135213
0.5978680133947062
1.0260695861323665
0.29696299101910595
0.250132719664841
-0.6473819962367868
-0.8228154180278875
-0.2716292051317635
0.40348356924018364
-0.29435285092245195
0.7773702529487247
1.3067685850944342
1.6748251606586249
2.0816785749989406
2.097361091439866
2.5729774985372864
2.072296495530133
2.2691714215902787
2.380313693515998
1.8912844538139715
1.7479347655140907
2.3941712964011224
3.1439664787745842
2.498831538710186
2.445485230788922
2.445485230788922
2.406068188154037
3.0224933046533073
2.9562373180433883
1.9963919699945054
1.4439198866300167
2.8497677240224437
3.4709314140820413
2.9078363207355116
3.1612568308750437
2.8348355665778477
2.563131533567136
1.7468412534606692
2.0922784983741836
2.9176387740834215
3.1828795177798095
3.367393957734965
3.9242266662453
3.2979661104691784
2.2772728905189337
1.3676450074764976
1.3943181614371296
1.3943181614371296
1.6210655176160298
1.4471228917348609
2.1552615457666464
1.5682281201485337
1.3967027768170932
1.1053304567836062
1.0947397524457467
0.7879937850910249
0.8962196214167676
-0.026763274532227266
0.17282392888288456
0.3328628526466757
0.3328628526466757
0.4395554684892029
0.3601339196680171
1.143068000850243
0.8806197834030731
1.2719841145702098
-0.08096761923739765
1.4762022839433158
1.0534965676401338
1.552248011547891
2.486509468086968
2.1343570752736034
2.2943959990373943
2.4999067840824485
2.3583883560723353
2.1052196625618
3.0282991739635032
2.546074786645242
2.341677018347303
2.0894970850875403
2.2536901870087838
2.1575080501861836
1.527163273886588
1.4108839220212503
0.019044801192150462
0.4293044671534631
0.723362156133176
0.5350611108131527
0.08587883805303298
0.954470521501718
1.011990677827323
1.011990677827323
0.03409298887455198
0.11983353049251255
0.7456730341762696
2.015058792258241
1.8550198684944503
1.871858149903547
2.2445111501097754
1.2662322723204111
1.6779864906696167
2.1731195069818936
2.4078536011135387
3.5089443616079152
1.2044993810732056
1.1505242351908034
1.2239973470185013
1.0753199915393286
0.04964306056632639
1.130316184714648
1.2646048570970614
1.2646048570970614
0.7227409533630147
1.4047864468885778
1.5381522166917372
1.564825370652369
1.6280784026590154
1.8137143935897302
3.0408301924982792
2.122141292085734
1.8421527844280496
0.9839790215987538
1.1145730799500686
1.8119032806976054
1.9927215063290027
0.8660086377331004
0.4602401756184308
-0.8015744650791089
0.15162364299811226
0.15074462622036716
-0.2837645597173536
-0.09878156419940176
2.341746635054994
2.663825038791803
2.2018749523163574
2.435128221430735
2.1802547216408086
1.7260755921256934
1.7932199283169001
1.625620227421457
1.6065078505924772
2.3901916720026355
3.0823044318335704
1.9821280292483963
1.8627181811800504
1.8923289510522079
1.401874328937646
1.3308825743633883
1.8200270529623992
2.002509119384091
1.3167200873223361
1.0676339943690119
1.9342776204564833
1.623149793206046
1.6448525406532062
1.6483060865128274
2.150812689605684
-0.48523300211834963
0.45850558459190405
1.0327755757428512
-0.17755872072753354
0.1601645734530428
0.0001256496892516612
0.8467171123615531
0.6109136881212167
0.8489431568038777
0.9463709653592023
0.17006486868015258
0.6325361933185316
0.7258666846672133
0.8058861465491087
0.8931265465016782
1.083195178828547
2.2894886445501594
2.058457966212111
2.279581920464777
2.102776566825737
1.7827764063286478
2.3900120308418895
2.9036235787265765
2.7917025847626196
3.138523202958524
1.4813723007306514
1.6400407966161317
1.7562167519854388
2.12352169790711
1.4146055641769655
1.2278934864525426
2.1347807211140255
2.454994876729011
1.7162023082549087
1.873469520566856
1.3294462886153293
1.590235192159698
1.0174340131244182
1.5927456537610643
1.7904859950023522
3.085213891224595
1.9986564253354868
1.635861710474736
1.6472206655112214
1.796802833032154
1.7405439726297733
1.5838108645922844
0.6502504759701698
0.4727932914675619
-0.3352010783062657
-0.29236524940492925
-1.0324782609089191
-0.5146600721400489
-0.22125537857309874
1.6839595436838348
2.072175946195074
1.8096993679941056
1.8692849138628491
2.4366500813667753
1.6355158192209514
1.4695574716181048
1.7540121449079102
2.3355071834827736
1.7697360143195098
1.5920703871920365
1.1091689840799375
1.1798713579072349
1.1888213781843797
1.1444250905402606
1.873217986822677
0.5059505877259042
-0.7249858248197192
-1.0183905183866695
-0.926319075526479
-0.19711621128178158
-0.4371745969274682
-0.07954702970854444
-0.42629803119675824
-0.5953646622681871
0.5023096421573334
0.800458720872773
0.13946297938160723
0.6376351652882557
0.30500636528758657
0.06149443378227909
0.8280326715629851
-0.7847026341554162
-0.7133009116188773
-1.086725067067723
-1.5225232377454707
-1.3981851752499488
-1.3981851752499488
0.8324958932563611
1.0725542789020477
1.88673389359673
1.46036654424034
1.694895711538126
1.5615299417349666
1.462382261487787
1.9701101457318189
1.8973116219205972
2.4312924856301716
1.4986111137858023
2.6446777173152265
2.004004237763125
2.618029513457213
1.9828044692450129
0.9254872810456871
1.312709464764476
0.9926316172368936
1.1437205207235401
1.505650266185943
1.784580785595425
2.136128732529542
2.6323411651084276
3.6275762202502024
3.6809225281714655
3.538017102060377
2.561584814304557
2.0731396844147874
1.3524883040828852
0.8019610411355647
0.401863731726087
0.3182650932854019
1.1618373466680783
2.1145101121191723
2.4283507085084635
2.6494746627611296
3.357364330038285
3.1035079161226564
3.143979098353231
2.3791027478828646
3.2038743706785278
2.866983191844468
2.481000666494495
2.6634827329161865
1.0432156715768133
1.4924438631953505
1.2222587777294107
1.610432956006021
1.6458015363425025
1.999406408123937
2.089850378588153
2.3832550721551033
1.6526554066357233
1.1135211747178944
0.46554473547108133
0.592721419823789
1.3907339182212133
2.5641356333325134
2.0790638447521985
2.336845364081372
2.791790452841434
3.259621734472903
3.472571062381861
3.520946963789653
3.470401206315247
2.7272954745818696
2.8501507653651013
2.7870248411295444
1.0476263565663475
1.01697173214241
1.043644886103042
1.428976755087242
1.428976755087242
1.0197507245321615
1.3023002013661333
2.3625384733688994
1.9209528958545503
1.7342408181301274
1.6655829245328502
1.0729137080682485
1.3040168089003967
1.4237719408284932
1.0427870082479953
1.0770209393402792
0.6769236299308018
0.8728906008770394
0.8592551155507062
0.9926208853538654
0.11198298685366753
-0.005737892505725067
0.5312359331441088
0.6987923739875678
1.0589054999696275
1.754038603142757
1.754038603142757
2.6445815986512313
2.625413353101877
1.7498573478200958
2.7450924029618706
1.0306686439607238
1.2040696922183607
0.3972097593384445
0.4685843749897343
1.9602003281475724
1.817601740607969
2.123881559865608
0.8541476624283993
1.0436443719735484
1.8584666150995948
2.835422701756081
2.283981894958662
2.470693972683085
2.7997995275183047
2.8666972849261136
2.973389900768641
2.946716746808009
1.7291937833954176
1.7825400913166811
1.4646203151370285
1.077004439157189
0.9856992351955839
0.35301723526975937
1.3745503062719098
1.4172141340028959
2.2016966588716684
1.9616382732259823
2.067894985292413
1.4281751940133454
2.0940811404498874
2.2007737562924143
2.680890527583788
1.8646985683940396
1.7431908384072723
1.8374798881130339
1.4087088685336968
1.0374726596889587
0.08493395387231473
-0.8129255734815299
-0.769485989645649
-1.275396898119909
1.4549449062540611
1.6889423316923822
2.3527024760777593
1.1118827611530926
1.6594497343696615
1.7255588941490767
1.4702104670308676
1.2499349887947593
1.8617614773718123
1.9951272471749713
1.5721184564896242
0.9586359153950917
1.4677234736646663
0.17453695786364887
0.2812295737061763
0.9034800092193666
1.2242108521597115
1.171848231170831
1.5591261506860192
1.2724688422009898
1.4321542005821264
0.39415560131360744
1.6774409643492425
1.6024058383081305
1.175635374938021
1.290022827546651
0.9256263794054428
0.7152341096606476
0.9118794136823948
0.565128412194181
1.222562486124886
1.3242846954539418
0.4259073836031596
0.9437255723720295
2.6612565672191475
0.9682626846932347
0.09032846578528617
2.614584277447193
1.9314096520974091
1.9314096520974091
1.6816959257545925
2.3709429673256706
1.1616098293948012
1.3129668291775416
0.5796680331685761
0.41962910940478493
-0.15316467844560855
0.19358632304260515
0.7307569366552223
0.06728850721932045
-0.7862524195208984
-0.7924219666978686
-0.7862524195208984
-0.7862524195208984
-0.6899843122606908
-0.6899843122606908
1.6357151213607946
1.9750068984817948
1.9216605905605313
1.8146341607287981
1.8671984750416675
1.2826618774260925
1.8043473451883953
2.7447878286876994
2.558075750963276
2.4469334790375568
2.56810402697153
2.9380104779780507
3.5598213776709797
2.9087054549666944
2.98872491684859
3.053031452418975
3.5029573653073913
1.3958748480630665
0.9774985165824137
1.9336673120982324
1.5722638258972839
0.8371909521281556
1.046498351291238
1.323190771000752
2.092381786026972
1.7465661293057715
2.041971379081949
1.4731420807893179
1.8777660583544968
2.107367687757325
2.299308143603177
1.609825068604113
1.3144198188279355
1.1771973891514351
0.8992588818930013
0.6341294833784938
-0.016037605916691233
-0.6873323274749661
-0.6873323274749661
-0.4481968444085339
0.5257836638972606
2.0182689879831104
2.114586335721535
2.2884540734490497
1.4025877968274225
1.9255403970201315
1.87888895926549
2.570108196291997
2.3076599788448275
1.9996028005651418
2.860924256051394
1.6992393055710995
1.2932847800790532
1.2399384721577897
1.0747001402059038
1.4987795551757013
3.052586930485706
2.632608758242064
1.2587773097761137
2.2738586317094436
1.862152485864438
2.237577197522511
0.9113733128751369
0.4970807023897213
1.0577347200599274
1.0248060484847181
1.3025658516079015
1.698408199612029
2.2762675664687846
2.039202142763358
2.7192007047795985
2.3689961574317633
2.0364862972151405
1.5449671547576844
1.335916340258838
1.5710322971816792
2.1128237349927126
2.0410678113645164
1.9552822556111824
1.3783303520844468
1.5841706481741538
2.2945749707430227
1.8487622594452369
1.280995120239013
1.3717736610099487
1.1352466885167551
1.5982357976520718
1.8887222408394084
3.6025268844143308
3.5648254669368336
3.5914986208974655
4.498385855558949
4.143306495472338
4.0527765545705146
3.539595467547363
4.066605368534239
1.6114611831860413
2.8529625345983205
2.815179628982066
1.3350308571030163
0.3924001206423523
-0.9832053501807017
-1.7861721586927168
-1.5632414352030872
-1.849951258603415
-0.33013011483715754
-0.20318769619739185
1.0199157009932458
1.1436973480217276
0.5879168595017068
1.4716587993397598
1.4716587993397598
1.254820021795084
0.9752544124081612
1.7959916082726923
1.8289202798479016
1.7051223531523225
2.79700057959174
2.1267181847163226
1.5274730293338268
1.5169625503138988
1.6732745673855811
1.368935576999356
1.052563091960392
1.7051760994676424
2.01630392671808
3.7555088750178154
3.1098253718111133
1.7697029968546238
0.7850130167753847
1.99259382326974
1.0645607650886364
1.1954281558478836
0.39509036908481565
1.3356480834528381
1.687664906172453
2.0566125438900635
2.0806617480282226
1.82474109027033
2.1181457838372806
2.5044450649768146
2.662783040939655
2.0258139686776384
2.4916933542569755
2.878174093370331
2.9147421754713694
2.518276569337135
2.8084523223630047
2.8327809217430797
1.8547964561794972
1.8844253615896214
1.6290527770197885
1.186178259765885
2.1551849157549734
2.235204377636869
0.9052672031321145
1.1739992989476602
0.33796865294508205
-0.04588001108608408
0.7438103233104353
1.4845782131190284
1.7836940899202176
2.1586197167983836
2.494913962043739
2.0190521521577156
2.099071614039611
2.0170515959484883
2.508824264146219
2.5497132596153964
2.0127966345431383
2.319563452603934
1.9923789981970836
1.5954805407664738
1.0992010945343966
1.8903867057627446
1.8646972387344962
2.212882926704024
3.027390380973941
2.116890600326238
2.606035078925249
2.1631689542676273
2.2059377695157707
1.521463473846981
3.351305024335954
1.2152218240196826
1.3271428179836393
1.1600275476436919
1.3125215358121354
2.0482829621360517
2.238819451928985
3.7360550330389013
0.9576193727948372
-0.21032382063311927
0.7194710303267842
1.398444870630247
1.3554738308130858
1.0808683577233305
0.9504402038316969
0.5636539238890054
0.030190844676368456
0.35002243797141697
-0.6353344732064795
-0.1638354412604628
-0.6439522125518361
0.9880141689111844
1.2657041627884014
0.7556119890614982
1.1601393564018048
0.5658611538667842
0.032398074654147346
0.8454678191637917
0.7979228586047216
0.7213569425824471
1.0801198945199093
1.0147616361493972
-0.00015966960056101875
-0.9513929233913495
0.1501583124337968
0.4913533639414442
0.971055723763982
-0.21165958523598744
0.20047317432938117
1.451239134490716
1.2364009131552671
0.4410108546583942
1.113491899594967
0.9143225094184577
1.0086115591242193
1.4159378028643537
1.1225331092974034
1.238812461162741
1.2849998607357653
0.8361960460395764
1.448416587669018
0.9964557420505668
0.7095251464030392
0.8428909162061986
2.3896502148740537
2.1723291477766375
1.0605666042408002
1.1939323740439591
2.038963377973478
1.4339907596896462
2.2640950191723537
0.8311334503519051
1.37625343850427
0.6926089191350069
0.9193562753139073
0.7593173515501163
-0.08436609158293784
-0.12429009983676287
-0.17763640775802658
1.1134486519678715
0.7133513425583939
1.0543362501751694
0.43485740388030425
0.43485740388030425
0.1980403425416185
0.7691188687941448
1.8601593226740525
1.4965926508323715
2.5821778930089887
1.7419196349817576
1.8388258179457655
1.893732584609812
2.4508862938491913
2.5340818715664284
1.8384495591995407
1.7264278955730936
0.5119020352986209
1.8073902454717754
1.6206781677473525
1.8964374146613083
2.0192256917913483
1.0589921492086019
1.3080782421619264
0.8632523641765414
2.028253399098986
1.2201094491410327
1.9925525378307165
1.9925525378307165
1.0163234374537446
1.3552401225996504
1.2218743527964913
1.6810238888250781
1.6686654413504238
1.724967500721179
1.845136093909034
1.3966628830917645
1.816101947548855
2.2161992569583324
2.415786460373444
2.866416257701296
0.19589852474846334
1.9745336559135052
2.108638391567035
1.9907823012918169
2.2580166321484483
2.6854550841779448
1.0413604768324483
0.662079105301034
0.877767223961138
-0.42892914646704405
0.779691140359785
0.6348309605701832
0.684828349108019
0.9515598887143374
0.4070685459848356
0.2806737389043753
0.37745963066151994
0.5004501323605768
0.9854456973385288
0.9884112407631087
1.44037208638156
1.8923329320000115
0.8401722140000155
1.0598129632996476
2.2129007771992755
-0.6870822727671981
-0.6151041446768114
1.1247715671674063
0.18990518771976655
0.35206113379239923
-0.047187654501340104
-0.49787573552059644
-0.8540945417828922
0.3283703755802421
1.1600350938057327
0.8947863259117042
0.8771408792587099
1.1411725139465598
1.6751533776561338
1.6364982225647449
1.911538963379826
1.8078987146131544
1.6330446767051239
1.5340082666585966
0.9717175666432447
1.1926635754599515
0.7307480856233732
1.1170473667629082
2.077674601606706
1.9976551397248101
2.1936221106710474
2.261780919488418
1.7266208753068448
0.3392017703532912
0.5415500197228315
0.9793487466098061
1.2269868546965053
1.2731981949847024
1.7393347591991704
1.8840620972869473
1.7240231735231564
1.9555942474137722
2.2243263432293183
2.456100294297401
3.0778672699695373
2.382364710783882
2.4473578382313756
2.4911011304627317
2.3525069825381433
3.1252174380281317
2.6549581503439232
1.2489538934448698
1.3258151501222533
0.8170246686610213
1.0309237038952097
1.1872572651703828
0.866526422230038
1.070961633637948
0.18300883036948556
1.2370088005571753
1.2813274011708014
1.4047864468885778
1.958082806058041
2.1335070215805345
2.379458716318947
2.01734853781836
2.311655430178937
1.9614508828311021
1.4722285496659955
2.316814191592676
1.5862518951204476
1.5442671554838026
1.35222330314192
2.094816652634261
1.8856863823545567
2.353028897691034
2.731681431261309
1.871423480375182
1.5668553123755413
1.4334895425723821
2.455946765048349
1.353480668532963
1.9314096520974091
1.7384957795354776
-0.5681288727291322
-0.19270416107105923
0.1275099945439262
1.350636948794452
0.381981819985149
1.4754768954571604
2.039515564368058
3.8944210563129684
4.016836249629755
4.360914874142948
4.1009884510679395
3.5762192313948864
3.989191666495053
3.890699414157252
3.063407823578318
3.0958020572750153
2.5518372178411
2.2399469086942556
3.648448986245953
3.781814756049112
4.477317315234767
4.95595131481385
5.242322344639131
4.764650418051064
4.080893138241739
4.211914353464341
0.8209745544103828
1.4156675453347336
1.4453062427199455
1.895354754985597
1.0609871563717908
0.9521441593050888
1.6989924702027805
1.9200086079207905
1.6652977375623692
0.9792272812280018
0.7997361415742528
1.2192856668736884
1.0945376364158856
1.4593951475464346
1.0768921897628916
1.387063313205091
1.2379036681731777
1.7159330189552262
0.5508241674981253
0.9868713233004089
3.632104747092945
3.6587779010535764
4.057392438750765
4.192668615378717
3.8109161013314754
1.0688270140714187
2.0500521957226514
1.525770459409787
1.7897302875642611
1.0260663063131026
0.9221458801636353
1.8002220217679779
1.7139470422715044
2.1380230029790463
2.44245055780696
3.5955352296290926
4.329902107097147
1.2016650872998569
1.3856054535724354
1.2255665298086444
0.9321618362416941
0.8601424639330724
1.1571559043622774
1.1304827504016453
1.4048896531935973
0.8861920144062383
0.782306463114161
0.6756138472716334
1.2497995187793633
2.1750390949651224
1.9083075553588036
2.2727816905305045
2.0683464791225945
1.8907207297627198
1.688497576884436
1.956131315284381
1.6807178516970118
2.02749301063685
1.7868858664922944
1.7090650546715542
0.6786055509681977
0.07570050254678495
-0.26693568167568527
0.35884581049086767
-0.08904715141448893
-0.009027689532593586
0.782684731824094
0.7009999322640926
1.533446980784499
0.5896916917635151
0.8588510590444043
0.3307942901213363
-0.5678095675642503
-0.42108167326724516
-0.6611400589129317
-0.17449062096407508
-0.8533003140016395
-0.6278565512643234
-0.5035184887688018
-0.9685285386524767
1.79609239152059
2.09990678085957
1.0971362864753136
1.0838252570085274
1.1104984109691594
0.9495546751636086
0.9080690203068701
0.5175558336720698
0.35228853178684927
0.6312112357149343
1.4358179587505906
1.4891642666718545
1.842276833558937
3.1534233392646325
3.4758106693976445
3.351839674679576
3.5390428004895043
2.251305152790298
1.321521075686137
2.0565579405425534
2.2776716597103936
1.3786059191388695
1.1672292160088564
1.5693270816275615
1.815322261169791
2.3429160853051503
2.8235103971729396
2.700811885424373
2.839811292238591
2.8052512914226395
3.0870080000602393
2.8525055643951194
3.193700615902767
2.586914885241119
2.6402611931623827
2.7936033064932895
2.572849637524044
2.9027900829515936
