21
31
25
29
40
31
37
31
34
33
23
26
27
28
31
29
46
31
38
40
27
37
32
44
21
32
38
26
31
35
28
31
40
26
34
31
32
22
27
23
37
65
46
27
26
33
26
41
31
42
38
32
37
35
26
27
28
44
41
28
21
32
52
41
43
36
27
38
28
25
27
32
33
33
44
30
34
26
26
22
23
29
47
36
35
33
26
35
25
48
33
20
31
29
28
45
43
30
27
28
36
39
31
37
31
23
24
35
39
24
35
31
33
23
39
27
30
24
28
30
25
45
30
41
29
30
35
36
40
33
43
39
37
42
32
27
29
34
45
38
27
41
26
39
24
29
26
30
29
25
25
39
30
27
39
36
27
35
28
37
27
27
34
44
58
28
40
33
36
37
29
26
35
39
50
36
22
33
30
47
31
52
30
31
21
26
40
33
25
38
24
26
28
50
24
33
27
48
28
26
29
21
32
36
37
24
35
23
33
32
28
38
28
34
31
57
37
28
26
39
23
24
45
31
27
23
17
28
33
31
24
23
25
29
39
45
29
28
31
35
20
41
34
26
24
20
28
23
26
25
28
27
31
46
32
27
25
24
27
23
59
49
22
30
24
39
48
42
26
34
34
32
33
28
49
26
33
26
31
20
36
32
32
41
40
41
38
27
37
35
24
33
34
28
23
38
35
37
34
53
23
24
34
32
33
26
25
37
26
30
26
35
40
39
31
33
31
35
43
23
43
29
33
27
39
29
40
29
37
25
39
53
26
54
55
36
35
59
38
47
48
23
27
41
28
26
34
36
31
51
38
28
22
48
33
39
27
37
33
46
38
37
37
47
29
35
25
52
22
27
31
31
37
33
30
26
30
30
38
29
40
40
35
26
48
34
24
53
23
25
38
28
32
28
47
34
30
31
45
34
26
29
32
25
55
21
26
33
25
27
45
34
33
30
40
36
25
43
25
28
37
29
30
25
27
37
48
32
31
33
24
26
45
32
30
41
30
29
34
23
28
24
24
42
38
27
32
22
31
26
47
36
49
24
26
34
33
42
21
26
30
33
33
31
26
30
23
36
27
36
39
29
28
38
29
27
28
27
42
39
44
36
33
38
29
27
37
30
42
30
36
40
29
30
36
30
24
33
27
33
30
46
29
34
54
27
47
39
24
27
57
38
28
41
30
60
30
34
31
45
25
25
40
27
30
29
23
22
28
23
40
29
29
51
52
24
28
33
47
26
22
33
32
37
35
26
43
47
36
58
23
39
38
30
38
26
30
23
41
48
31
39
46
46
24
24
29
33
26
21
47
30
19
27
34
22
45
27
33
40
29
33
22
33
27
34
38
28
25
36
21
38
26
35
28
23
31
42
36
26
44
34
35
24
29
29
40
37
35
41
32
23
47
37
24
33
48
29
29
31
32
40
24
43
27
38
28
40
21
29
35
40
29
40
17
35
56
36
27
37
29
37
28
31
34
21
39
45
35
37
38
34
43
23
26
25
35
41
22
24
30
28
26
35
45
36
28
29
28
32
31
24
26
28
29
51
28
29
27
31
29
29
25
21
36
37
26
29
24
35
36
26
47
27
24
27
23
29
30
37
23
21
32
36
40
22
26
38
30
36
31
35
26
30
57
19
51
23
42
39
29
26
23
27
37
35
31
55
31
32
35
48
38
42
35
23
29
32
35
41
34
28
23
34
26
21
32
34
25
22
22
31
34
24
28
42
31
28
54
24
24
55
25
32
36
33
25
31
22
28
37
28
32
25
30
24
21
42
33
28
38
31
27
25
28
29
34
51
37
28
37
20
39
39
43
29
42
29
45
47
46
28
26
25
39
41
36
40
30
30
33
31
35
51
27
31
37
33
38
25
22
46
29
35
37
25
31
41
25
40
37
45
33
20
27
34
39
28
28
44
31
30
44
23
32
48
25
25
27
44
34
29
41
24
36
22
32
25
34
68
33
52
29
25
32
37
35
27
34
27
53
38
40
41
32
35
40
32
27
22
23
44
44
30
36
21
30
23
32
29
42
35
25
19
28
23
43
33
31
33
30
31
50
51
47
23
35
39
52
23
33
21
31
29
35
33
33
44
34
47
39
23
35
28
37
30
47
28
22
32
50
30
29
28
30
32
30
31
37
49
36
37
20
44
45
24
26
27
30
36
26
39
38
39
37
34
34
26
31
35
63
37
44
30
30
35
32
37
28
37
33
44
37
36
53
36
27
45
22
45
35
30
38
59
31
30
32
34
27
29
31
29
31
39
41
35
28
45
31
21
38
22
25
43
44
40
22
34
26
36
34
33
40
44
23
36
26
29
28
34
26
69
44
38
26
34
30
59
34
33
41
25
33
40
36
24
47
34
29
39
24
40
30
33
38
31
21
38
32
43
27
35
34
23
38
31
57
34
28
30
38
29
28
40
43
27
29
31
22
32
27
24
34
36
23
26
36
35
40
26
32
27
32
39
20
53
40
38
30
34
28
27
34
29
47
22
27
31
35
29
24
26
25
21
56
24
27
31
60
33
35
35
30
45
23
32
32
28
39
27
23
46
36
40
37
24
32
33
30
34
30
24
42
