82
38
58
32
99
27
37
87
33
64
55
59
47
78
49
26
38
108
33
31
30
73
41
58
36
48
65
37
38
40
88
26
80
34
69
51
43
62
47
53
44
111
27
71
86
65
97
21
52
52
25
32
85
51
47
67
62
31
29
33
108
79
55
79
32
82
55
30
50
29
33
120
27
50
50
52
82
78
86
38
55
58
48
46
59
28
63
92
75
30
95
54
44
35
62
43
59
35
60
46
44
51
52
54
59
76
56
70
37
91
34
78
50
48
41
34
70
48
64
61
57
40
78
49
47
56
81
68
64
50
39
43
68
23
73
57
53
40
47
34
98
84
35
62
26
29
49
65
22
55
46
48
185
45
31
44
26
49
34
34
29
45
26
46
39
92
53
44
91
36
37
30
35
49
37
45
40
34
37
74
60
38
44
43
26
25
60
62
30
56
58
60
22
63
64
33
37
52
49
32
30
63
65
50
43
41
106
6
31
24
3
2
34
2
