2.0
2.0
0.0
2.0
0.0
2.0
0.0
2.0
0.0
2.0
0.0
2.0
0.0
2.0
0.0
2.0
0.0
2.0
0.0
2.0
0.0
2.0
0.0
2.0
0.0
2.0
0.0
2.0
0.0
2.0
0.0
1.84
0.05
1.0
1.0
1.0
0.0
1.0
1.95
0.02
1.0
0.0
1.0
1.0
1.0
1.0
0.0
1.0
0.0
0.0
1.0
1.0
0.0
0.8638743455497382
0.1206896551724138
0.0
1.0
0.26
1.0
0.0
0.793939393939394
1.0
0.0
0.0
0.0
1.12
0.0
2.0
0.0
0.3
0.7
0.8371040723981901
0.15966386554621848
0.0
1.15
0.2
0.7238095238095238
0.1276595744680851
0.8333333333333334
1.38
0.15
1.0
0.0
1.0
0.0
0.31
0.85
0.52
0.51
1.0
0.0
0.94
0.32
1.1
0.34
0.9
0.1
1.16
0.24
1.56
0.1
1.72
0.05
0.12
1.5
1.67
0.11
1.06
0.22
1.05
0.0
0.35
0.76
0.53
0.47
0.43
0.67
1.58
0.1
1.53
0.13
1.52
0.09
1.51
0.03
0.53
0.69
1.08
0.29
0.4
0.79
0.55
0.59
1.1
0.17
0.94
0.09
0.59
0.54
1.2
0.17
0.504950495049505
1.93
0.0
1.96
0.01
0.94
0.22
1.87
0.03
2.4
0.0
0.17
1.26
0.65
0.57
1.01
0.21
0.92
0.14
1.05
0.0
0.37
0.81
2.06
0.02
0.6
0.43
1.39
0.03
0.62
0.65
0.97
0.09
1.45
0.1
1.0
0.0
1.19
0.23
0.29
1.13
0.24
1.05
1.94
0.0
1.0
0.0
0.67
0.44
1.81
0.03
0.26
0.89
0.88
0.18
1.03
0.25
1.5
0.12
1.29
0.13
0.96
0.43
0.49
1.05
0.12
1.55
0.0
0.93
0.3
0.89
0.23
1.38
0.0
0.79
0.47
1.97
0.01
0.96
0.23
0.85
0.18
1.29
0.18
1.18
0.13
0.16
1.18
2.0
0.0
0.98
0.05
0.89
0.32
1.32
0.26
1.44
0.0
1.01
0.13
1.53
0.07
1.67
0.0
0.6
0.68
1.32
0.1
0.09
1.18
1.26
0.2
1.25
0.08
0.85
0.35
1.85
0.0
0.17
1.11
0.3
0.91
0.0
1.49
0.13
1.48
0.0
1.99
0.02
2.04
0.01
1.13
0.24
0.34
0.91
1.0
0.0
1.09
0.21
0.43
0.73
0.42
0.79
1.52
0.02
1.29
0.19
1.0
0.0
1.19
0.23
0.83
0.39
0.79
0.41
1.21
0.24
1.0
1.05
0.11
1.4
0.12
1.49
0.12
0.67
0.55
0.75
0.25
2.0
0.0
0.58
0.42
1.21
0.01
0.76
0.51
0.88
0.17
0.22
1.07
0.26
0.92
1.0
0.0
1.0
0.0
0.89
0.3
0.99
0.3
0.69
0.3069306930693069
0.7
0.3
1.18
0.18
2.18
0.0
1.89
0.02
1.77
0.03
1.15
0.28
0.7
0.5
1.0
0.0
1.19
0.2
1.71
0.03
1.5
0.0
0.07
1.43
1.0
0.0
0.34
0.72
0.06
1.57
0.54
0.46
0.7
0.36
0.94
0.13
1.34
0.22
1.69
0.0
1.19
0.1
1.01
0.01
1.11
0.06
0.79
0.51
1.4257425742574257
0.07
0.53
0.56
1.45
0.09
0.74
0.34
1.68
0.0
0.63
0.49
2.0
0.0
0.94
0.06
1.03
0.29
1.97
0.0
1.92
0.02
0.74
0.38
0.72
0.41
1.04
0.17
1.48
0.08
2.07
0.0
0.81
0.34
1.45
0.04
0.7
0.42
1.81
0.0
0.2
1.19
1.82
0.05
1.69
0.06
0.72
0.29
1.0
0.0
0.84
0.16
2.0
0.0
1.09
0.04
1.16
0.02
2.01
0.0
0.87
0.37
1.0
0.0
1.29
0.2
0.63
0.47
1.88
0.0
1.27
0.13
0.47
0.86
0.16
1.24
1.11
0.0
2.0
0.0
1.81
0.0
0.89
0.27
2.44
0.0
0.41
0.96
0.0
1.67
0.06
1.49
0.13
1.28
0.15
0.77
0.46
0.53
0.56
0.5
0.72
1.57
0.06
0.99
0.07
1.0
0.0
1.99
0.0
1.04
0.0
1.03
0.03
0.97
0.3
0.58
0.53
0.55
0.58
0.58
0.49
1.81
0.01
1.0
0.0
1.12
0.3
0.46
0.63
1.56
0.02
0.68
0.47
1.0
0.0
0.81
0.19
1.57
0.03
1.62
0.02
0.94
0.06
1.58
0.0
0.49
0.69
1.09
0.24
0.28
0.82
0.83
0.18
